YearBorn,nBornThisYear,meanLRS,SD,LRSfemale,LRSmale,meanRRS,SDRRS,replicate,parameterset,LRSmigs,LRSnative,project,group
0,904,0.691371681,1.11214612,0.626373626,0.757238307,0.049383692,0.079439009,1,1,NaN,0.691371681,run_aa2,1
1,6,1,1.264911064,0.75,1.5,0.071428571,0.09035079,1,1,0,1.2,run_aa2,1
2,92,1.141304348,1.456938848,1.134615385,1.15,0.081521739,0.104067061,1,1,0,1.153846154,run_aa2,1
3,122,1.139344262,1.512021108,0.985294118,1.333333333,0.081381733,0.108001508,1,1,0,1.148760331,run_aa2,1
4,155,1.161290323,1.286714688,1.036585366,1.301369863,0.082949309,0.091908192,1,1,0,1.168831169,run_aa2,1
5,188,1.308510638,1.585540248,1.216494845,1.406593407,0.093465046,0.113252875,1,1,5,1.288770053,run_aa2,1
6,177,1.209039548,1.432705516,1.08,1.303921569,0.086359968,0.102336108,1,1,0,1.215909091,run_aa2,1
7,182,1.406593407,1.743039968,1.395833333,1.418604651,0.100470958,0.124502855,1,1,0,1.414364641,run_aa2,1
8,183,1.393442623,1.514893336,1.516129032,1.266666667,0.099531616,0.108206667,1,1,0,1.401098901,run_aa2,1
9,172,1.145348837,1.287288912,1.155555556,1.134146341,0.081810631,0.091949208,1,1,1,1.14619883,run_aa2,1
10,169,1.213017751,1.402233255,1.215909091,1.209876543,0.086644125,0.100159518,1,1,NaN,1.213017751,run_aa2,1
11,176,1.318181818,1.553212005,1.292134831,1.344827586,0.094155844,0.110943715,1,1,0,1.325714286,run_aa2,1
12,187,1.331550802,1.501690535,1.326315789,1.336956522,0.095110772,0.10726361,1,1,0,1.338709677,run_aa2,1
13,182,1.142857143,1.35492903,1.033707865,1.247311828,0.081632653,0.096780645,1,1,0,1.149171271,run_aa2,1
14,184,1.445652174,1.707355546,1.481481481,1.417475728,0.10326087,0.121953968,1,1,3,1.43715847,run_aa2,1
15,185,1.383783784,1.614727315,1.389473684,1.377777778,0.098841699,0.115337665,1,1,8,1.347826087,run_aa2,1
16,176,1.431818182,1.630393148,1.397849462,1.469879518,0.102272727,0.116456653,1,1,0,1.44,run_aa2,1
17,179,1.206703911,1.452142848,1.186046512,1.225806452,0.086193136,0.103724489,1,1,NaN,1.206703911,run_aa2,1
18,179,1.519553073,1.555493282,1.494117647,1.542553191,0.108539505,0.111106663,1,1,1,1.52247191,run_aa2,1
19,179,1.402234637,1.740203892,1.414634146,1.391752577,0.100159617,0.124300278,1,1,0,1.41011236,run_aa2,1
20,183,1.513661202,1.56843144,1.611764706,1.428571429,0.108118657,0.112030817,1,1,0,1.521978022,run_aa2,1
21,178,1.235955056,1.402358561,1.291139241,1.191919192,0.088282504,0.100168469,1,1,0,1.242937853,run_aa2,1
22,197,1.38071066,1.641997757,1.37755102,1.383838384,0.09862219,0.117285554,1,1,5,1.362244898,run_aa2,1
23,176,1.25,1.432280898,1.333333333,1.162790698,0.089285714,0.102305778,1,1,0,1.257142857,run_aa2,1
24,176,1.289772727,1.493264097,1.2,1.373626374,0.092126623,0.106661721,1,1,0,1.297142857,run_aa2,1
25,187,1.336898396,1.674886292,1.460784314,1.188235294,0.095492743,0.119634735,1,1,1,1.338709677,run_aa2,1
26,170,1.494117647,1.6542828,1.538461538,1.456521739,0.106722689,0.118163057,1,1,1,1.49704142,run_aa2,1
27,178,1.179775281,1.370074003,1.296296296,1.082474227,0.084269663,0.097862429,1,1,1,1.18079096,run_aa2,1
28,186,1.344086022,1.53513534,1.453488372,1.25,0.096006144,0.109652524,1,1,2,1.340540541,run_aa2,1
29,182,1.368131868,1.625649322,1.290322581,1.449438202,0.097723705,0.116117809,1,1,1,1.370165746,run_aa2,1
30,179,1.189944134,1.606765715,1.166666667,1.210526316,0.08499601,0.11476898,1,1,2,1.185393258,run_aa2,1
31,180,1.316666667,1.551625567,1.494505495,1.134831461,0.094047619,0.110830398,1,1,0,1.324022346,run_aa2,1
32,177,1.395480226,1.648546854,1.32183908,1.466666667,0.099677159,0.117753347,1,1,1,1.397727273,run_aa2,1
33,181,1.320441989,1.533721626,1.445783133,1.214285714,0.094317285,0.109551545,1,1,0,1.327777778,run_aa2,1
34,182,1.472527473,1.716611459,1.434782609,1.511111111,0.105180534,0.122615104,1,1,0,1.480662983,run_aa2,1
35,185,1.291891892,1.507657696,1.409638554,1.196078431,0.092277992,0.107689835,1,1,0,1.298913043,run_aa2,1
36,177,1.299435028,1.524664537,1.404761905,1.204301075,0.092816788,0.10890461,1,1,0,1.306818182,run_aa2,1
37,184,1.119565217,1.304405241,1.072289157,1.158415842,0.079968944,0.093171803,1,1,2,1.114754098,run_aa2,1
38,170,1.435294118,1.890161753,1.416666667,1.453488372,0.102521008,0.135011554,1,1,0,1.443786982,run_aa2,1
39,181,1.298342541,1.471751607,1.353535354,1.231707317,0.092738753,0.105125115,1,1,NaN,1.298342541,run_aa2,1
40,173,1.271676301,1.577883506,1.247311828,1.3,0.090834021,0.112705965,1,1,0,1.279069767,run_aa2,1
41,190,1.278947368,1.444229147,1.32,1.233333333,0.091353383,0.103159225,1,1,2,1.275132275,run_aa2,1
42,176,1.488636364,1.763077298,1.607142857,1.380434783,0.106331169,0.125934093,1,1,1,1.491428571,run_aa2,1
43,187,1.49197861,1.573876059,1.238636364,1.717171717,0.106569901,0.112419718,1,1,0,1.5,run_aa2,1
44,189,1.322751323,1.351343243,1.394736842,1.213333333,0.094482237,0.096524517,1,1,0,1.329787234,run_aa2,1
45,185,1.475675676,1.591657156,1.337078652,1.604166667,0.105405405,0.113689797,1,1,4,1.461956522,run_aa2,1
46,180,1.522222222,1.705906779,1.357142857,1.666666667,0.108730159,0.121850484,1,1,0,1.530726257,run_aa2,1
47,185,1.432432432,1.604012302,1.418367347,1.448275862,0.102316602,0.114572307,1,1,3,1.423913043,run_aa2,1
48,180,1.25,1.377695428,1.054945055,1.449438202,0.089285714,0.098406816,1,1,2,1.245810056,run_aa2,1
49,188,1.276595745,1.501544697,1.448979592,1.088888889,0.09118541,0.107253193,1,1,0,1.28342246,run_aa2,1
50,182,1.208791209,1.519788321,1.166666667,1.244897959,0.086342229,0.108556309,1,1,2,1.20441989,run_aa2,1
51,179,1.424581006,1.494807198,1.413461538,1.44,0.101755786,0.106771943,1,1,2,1.421348315,run_aa2,1
52,175,1.257142857,1.289721906,1.428571429,1.12244898,0.089795918,0.092122993,1,1,0,1.264367816,run_aa2,1
53,182,1.181318681,1.454686622,1.357142857,1.030612245,0.084379906,0.103906187,1,1,1,1.182320442,run_aa2,1
54,182,1.263736264,1.340694673,1.118811881,1.444444444,0.090266876,0.095763905,1,1,1,1.26519337,run_aa2,1
55,177,1.322033898,1.666249306,1.325581395,1.318681319,0.094430993,0.119017808,1,1,0,1.329545455,run_aa2,1
56,171,1.426900585,1.644663844,1.590361446,1.272727273,0.10192147,0.117475989,1,1,0,1.435294118,run_aa2,1
57,190,1.405263158,1.73631419,1.494623656,1.319587629,0.10037594,0.124022442,1,1,0,1.412698413,run_aa2,1
58,178,1.08988764,1.458584171,1.149425287,1.032967033,0.077849117,0.104184584,1,1,0,1.096045198,run_aa2,1
59,173,1.156069364,1.34420835,1.214285714,1.101123596,0.082576383,0.096014882,1,1,1,1.156976744,run_aa2,1
60,181,1.375690608,1.434598354,1.385542169,1.367346939,0.098263615,0.102471311,1,1,NaN,1.375690608,run_aa2,1
61,169,1.349112426,1.630078816,1.166666667,1.556962025,0.096365173,0.116434201,1,1,0,1.357142857,run_aa2,1
62,196,1.265306122,1.652044703,1.442307692,1.065217391,0.090379009,0.118003193,1,1,0,1.271794872,run_aa2,1
63,179,1.407821229,1.661238624,1.242424242,1.6125,0.100558659,0.118659902,1,1,0,1.415730337,run_aa2,1
64,194,1.273195876,1.465528992,1.604651163,1.009259259,0.090942563,0.104680642,1,1,0,1.279792746,run_aa2,1
65,175,1.137142857,1.270144737,1.083333333,1.202531646,0.08122449,0.090724624,1,1,0,1.143678161,run_aa2,1
66,184,1.163043478,1.336966421,1.223300971,1.086419753,0.083074534,0.095497602,1,1,0,1.169398907,run_aa2,1
67,162,1.154320988,1.412328097,1.182926829,1.125,0.082451499,0.100880578,1,1,0,1.161490683,run_aa2,1
68,176,1.448863636,1.577592692,1.465116279,1.433333333,0.10349026,0.112685192,1,1,0,1.457142857,run_aa2,1
69,173,1.49132948,1.825588459,1.478723404,1.506329114,0.106523534,0.130399176,1,1,0,1.5,run_aa2,1
70,179,1.324022346,1.620110108,1.319148936,1.329411765,0.094573025,0.115722151,1,1,0,1.331460674,run_aa2,1
71,182,1.549450549,1.637028276,1.413043478,1.688888889,0.110675039,0.116930591,1,1,4,1.535911602,run_aa2,1
72,193,1.445595855,1.597000373,1.372340426,1.515151515,0.103256847,0.114071455,1,1,0,1.453125,run_aa2,1
73,182,1.307692308,1.629780229,1.285714286,1.32967033,0.093406593,0.116412874,1,1,1,1.309392265,run_aa2,1
74,176,1.289772727,1.694059521,1.21686747,1.35483871,0.092126623,0.121004252,1,1,NaN,1.289772727,run_aa2,1
75,177,1.118644068,1.423241488,1.226190476,1.021505376,0.079903148,0.101660106,1,1,3,1.107954545,run_aa2,1
76,156,1.288461538,1.618480432,1.397590361,1.164383562,0.092032967,0.115605745,1,1,0,1.296774194,run_aa2,1
77,182,1.225274725,1.440847925,1.115384615,1.307692308,0.087519623,0.102917709,1,1,0,1.232044199,run_aa2,1
78,174,1.103448276,1.414495419,1,1.191489362,0.078817734,0.101035387,1,1,NaN,1.103448276,run_aa2,1
79,181,1.29281768,1.519284669,1.284313725,1.303797468,0.09234412,0.108520334,1,1,0,1.3,run_aa2,1
80,187,1.28342246,1.470093643,1.408163265,1.146067416,0.091673033,0.105006689,1,1,2,1.279569892,run_aa2,1
81,177,1.350282486,1.481481303,1.284090909,1.415730337,0.096448749,0.105820093,1,1,2,1.346590909,run_aa2,1
82,177,1.288135593,1.492985654,1.278350515,1.3,0.092009685,0.106641832,1,1,1,1.289772727,run_aa2,1
83,170,1.394117647,1.456660113,1.455555556,1.325,0.099579832,0.104047151,1,1,1,1.396449704,run_aa2,1
84,179,1.379888268,1.61134949,1.563829787,1.176470588,0.098563448,0.115096392,1,1,0,1.387640449,run_aa2,1
85,187,1.272727273,1.670572159,1.08,1.494252874,0.090909091,0.119326583,1,1,0,1.279569892,run_aa2,1
86,182,1.384615385,1.481146568,1.436170213,1.329545455,0.098901099,0.105796183,1,1,0,1.392265193,run_aa2,1
87,178,1.43258427,1.635915769,1.443181818,1.422222222,0.102327448,0.116851126,1,1,3,1.423728814,run_aa2,1
88,180,1.2,1.431489438,1.061728395,1.313131313,0.085714286,0.102249246,1,1,3,1.189944134,run_aa2,1
89,193,1.176165803,1.346311246,1.288888889,1.077669903,0.084011843,0.096165089,1,1,0,1.182291667,run_aa2,1
90,178,1.421348315,1.464068467,1.446808511,1.392857143,0.10152488,0.104576319,1,1,0,1.429378531,run_aa2,1
91,188,1.345744681,1.589616366,1.226804124,1.472527473,0.09612462,0.113544026,1,1,0,1.352941176,run_aa2,1
92,178,1.308988764,1.491985402,1.241758242,1.379310345,0.093499197,0.106570386,1,1,1,1.310734463,run_aa2,1
93,169,1.331360947,1.568749477,1.269230769,1.384615385,0.09509721,0.112053534,1,1,NaN,1.331360947,run_aa2,1
94,190,1.605263158,1.628767081,1.595744681,1.614583333,0.114661654,0.116340506,1,1,4,1.592592593,run_aa2,1
95,172,1.151162791,1.514201327,0.951219512,1.333333333,0.082225914,0.108157238,1,1,0,1.157894737,run_aa2,1
96,194,1.422680412,1.69017307,1.43956044,1.40776699,0.101620029,0.120726648,1,1,2,1.419689119,run_aa2,1
97,195,1.415384615,1.480724687,1.505263158,1.33,0.101098901,0.105766049,1,1,0,1.422680412,run_aa2,1
98,191,1.408376963,1.701619348,1.430107527,1.387755102,0.100598355,0.121544239,1,1,0,1.415789474,run_aa2,1
99,171,1.099415205,1.383324941,1.135416667,1.053333333,0.078529657,0.098808924,1,1,0,1.105882353,run_aa2,1
100,178,1.168539326,1.371509582,1.2125,1.132653061,0.083467095,0.09796497,1,1,NaN,1.168539326,run_aa2,1
101,143,1.097902098,1.212114236,1.042857143,1.150684932,0.078421578,0.086579588,1,1,2,1.091549296,run_aa2,1
102,137,1.204379562,1.440683488,1.016666667,1.350649351,0.086027112,0.102905963,1,1,3,1.191176471,run_aa2,1
103,129,1.100775194,1.391070638,1.212121212,0.984126984,0.0786268,0.099362188,1,1,0,1.109375,run_aa2,1
104,127,1.086614173,1.303375484,1.125,1.056338028,0.077615298,0.093098249,1,1,0,1.095238095,run_aa2,1
105,121,1.066115702,1.352377765,1.015384615,1.125,0.076151122,0.096598412,1,1,0,1.075,run_aa2,1
106,108,1.111111111,1.383030219,0.980769231,1.232142857,0.079365079,0.098787873,1,1,0,1.121495327,run_aa2,1
107,99,1.101010101,1.581106236,1.102040816,1.1,0.078643579,0.11293616,1,1,0,1.112244898,run_aa2,1
108,96,1.125,1.423487193,1.104166667,1.145833333,0.080357143,0.101677657,1,1,0,1.136842105,run_aa2,1
109,81,1.111111111,1.360147051,0.911111111,1.361111111,0.079365079,0.097153361,1,1,1,1.1125,run_aa2,1
110,49,1,1.08012345,1.12,0.875,0.071428571,0.077151675,1,1,0,1.020833333,run_aa2,1
111,54,1.111111111,1.46231487,0.896551724,1.36,0.079365079,0.104451062,1,1,2,1.094339623,run_aa2,1
112,51,1.392156863,1.415322315,1.44,1.346153846,0.099439776,0.101094451,1,1,1,1.4,run_aa2,1
113,53,1.301886792,1.624155469,1.117647059,1.631578947,0.092991914,0.116011105,1,1,0,1.326923077,run_aa2,1
114,49,0.979591837,1.298874447,0.866666667,1.157894737,0.069970845,0.092776746,1,1,0,1,run_aa2,1
115,47,1.574468085,1.741372283,1.416666667,1.739130435,0.112462006,0.124383735,1,1,4,1.52173913,run_aa2,1
116,47,1.085106383,1.380450261,1,1.2,0.077507599,0.09860359,1,1,1,1.086956522,run_aa2,1
117,47,1.680851064,1.643252117,1.538461538,1.857142857,0.12006079,0.117375151,1,1,4,1.630434783,run_aa2,1
118,51,1.078431373,1.293725431,1.129032258,1,0.077030812,0.092408959,1,1,0,1.1,run_aa2,1
119,44,1.386363636,1.543416764,1.285714286,1.47826087,0.099025974,0.110244055,1,1,0,1.418604651,run_aa2,1
120,42,1.476190476,1.990686795,1.555555556,1.416666667,0.105442177,0.142191914,1,1,0,1.512195122,run_aa2,1
121,50,1.28,1.552351738,1.592592593,0.913043478,0.091428571,0.110882267,1,1,0,1.306122449,run_aa2,1
122,48,1.625,2.006637921,1.8125,1.53125,0.116071429,0.14333128,1,1,4,1.574468085,run_aa2,1
123,45,1.822222222,1.862169908,1.818181818,1.826086957,0.13015873,0.133012136,1,1,NaN,1.822222222,run_aa2,1
124,40,1.35,1.717929583,1.157894737,1.523809524,0.096428571,0.122709256,1,1,3,1.307692308,run_aa2,1
125,45,1.422222222,1.544622474,1.666666667,1.208333333,0.101587302,0.110330177,1,1,4,1.363636364,run_aa2,1
126,48,0.979166667,1.375926509,0.703703704,1.333333333,0.069940476,0.098280465,1,1,0,1,run_aa2,1
127,46,1.086956522,1.091911412,0.84,1.380952381,0.077639752,0.077993672,1,1,2,1.066666667,run_aa2,1
128,48,1.041666667,1.336211433,1.25,0.892857143,0.074404762,0.095443674,1,1,0,1.063829787,run_aa2,1
129,47,1.234042553,1.219635832,1.454545455,1.04,0.088145897,0.087116845,1,1,2,1.217391304,run_aa2,1
130,44,1.386363636,1.466143638,1.647058824,1.222222222,0.099025974,0.104724546,1,1,1,1.395348837,run_aa2,1
131,41,0.975609756,1.27451569,1,0.954545455,0.069686411,0.091036835,1,1,3,0.925,run_aa2,1
132,43,1.418604651,1.815706056,1.388888889,1.44,0.101328904,0.12969329,1,1,0,1.452380952,run_aa2,1
133,47,1.361702128,1.524089634,1.36,1.363636364,0.097264438,0.108863545,1,1,2,1.347826087,run_aa2,1
134,42,1.380952381,1.607184797,1.272727273,1.5,0.098639456,0.114798914,1,1,1,1.390243902,run_aa2,1
135,44,1.75,1.831570682,1.678571429,1.875,0.125,0.130826477,1,1,0,1.790697674,run_aa2,1
136,50,1.4,1.399708424,1.44,1.36,0.1,0.099979173,1,1,0,1.428571429,run_aa2,1
137,47,1.234042553,1.462766378,1.083333333,1.391304348,0.088145897,0.104483313,1,1,0,1.260869565,run_aa2,1
138,54,1.592592593,1.60798149,1.75,1.423076923,0.113756614,0.114855821,1,1,0,1.622641509,run_aa2,1
139,48,1.270833333,1.395121947,1.347826087,1.2,0.09077381,0.099651568,1,1,2,1.255319149,run_aa2,1
140,50,1.46,1.445753811,1.482758621,1.428571429,0.104285714,0.103268129,1,1,1,1.469387755,run_aa2,1
141,50,1.66,1.572856494,1.888888889,1.53125,0.118571429,0.112346892,1,1,0,1.693877551,run_aa2,1
142,44,1.295454545,1.518560295,1.095238095,1.47826087,0.092532468,0.108468593,1,1,0,1.325581395,run_aa2,1
143,52,1.134615385,1.314009672,1,1.269230769,0.081043956,0.093857834,1,1,0,1.156862745,run_aa2,1
144,46,1.47826087,1.471796037,1.833333333,1.25,0.105590062,0.105128288,1,1,NaN,1.47826087,run_aa2,1
145,48,1.4375,1.583240012,1.481481481,1.380952381,0.102678571,0.113088572,1,1,2,1.425531915,run_aa2,1
146,48,1.6875,1.936834992,1.333333333,1.962962963,0.120535714,0.138345357,1,1,0,1.723404255,run_aa2,1
147,45,1.466666667,1.575378742,1.233333333,1.933333333,0.104761905,0.112527053,1,1,0,1.5,run_aa2,1
148,53,1.849056604,1.88512626,2,1.714285714,0.132075472,0.134651876,1,1,0,1.884615385,run_aa2,1
149,46,1.5,1.748014747,1.25,1.692307692,0.107142857,0.124858196,1,1,1,1.511111111,run_aa2,1
150,41,2.609756098,2.427736073,2,3.388888889,0.18641115,0.173409719,1,1,1,2.65,run_aa2,1
151,90,1.722222222,1.67619002,1.489361702,1.976744186,0.123015873,0.119727859,1,1,0,1.741573034,run_aa2,1
152,117,1.641025641,1.642441089,1.923076923,1.288461538,0.117216117,0.117317221,1,1,0,1.655172414,run_aa2,1
153,124,1.790322581,1.968343753,1.75,1.833333333,0.127880184,0.140595982,1,1,0,1.804878049,run_aa2,1
154,140,1.457142857,1.74805721,1.582089552,1.342465753,0.104081633,0.124861229,1,1,1,1.460431655,run_aa2,1
155,141,1.468085106,1.73433063,1.392857143,1.517647059,0.104863222,0.123880759,1,1,4,1.45,run_aa2,1
156,146,1.404109589,1.560631027,1.535211268,1.28,0.100293542,0.111473645,1,1,0,1.413793103,run_aa2,1
157,158,1.455696203,1.626198477,1.535211268,1.390804598,0.1039783,0.116157034,1,1,6,1.426751592,run_aa2,1
158,172,1.51744186,1.656014511,1.591549296,1.465346535,0.108388704,0.118286751,1,1,2,1.514619883,run_aa2,1
159,182,1.39010989,1.640816058,1.354166667,1.430232558,0.099293564,0.117201147,1,1,0,1.397790055,run_aa2,1
160,186,1.268817204,1.392177256,1.289156627,1.252427184,0.0906298,0.099441233,1,1,0,1.275675676,run_aa2,1
161,178,1.337078652,1.50662432,1.423076923,1.27,0.095505618,0.107616023,1,1,0,1.344632768,run_aa2,1
162,179,1.396648045,1.411903625,1.654761905,1.168421053,0.099760575,0.100850259,1,1,NaN,1.396648045,run_aa2,1
163,186,1.134408602,1.354950453,1.473684211,0.78021978,0.081029186,0.096782175,1,1,2,1.12972973,run_aa2,1
164,175,1.331428571,1.521450349,1.34939759,1.315217391,0.095102041,0.108675025,1,1,NaN,1.331428571,run_aa2,1
165,171,1.222222222,1.249836591,1.361445783,1.090909091,0.087301587,0.089274042,1,1,0,1.229411765,run_aa2,1
166,188,1.414893617,1.666977632,1.357142857,1.477777778,0.10106383,0.119069831,1,1,2,1.411764706,run_aa2,1
167,166,1.295180723,1.38943229,1.217948718,1.363636364,0.092512909,0.099245164,1,1,1,1.296969697,run_aa2,1
168,179,1.346368715,1.484990712,1.148148148,1.510204082,0.096169194,0.106070765,1,1,0,1.353932584,run_aa2,1
169,187,1.49197861,1.637494099,1.52688172,1.457446809,0.106569901,0.116963864,1,1,NaN,1.49197861,run_aa2,1
170,191,1.382198953,1.554449431,1.28440367,1.512195122,0.098728497,0.111032102,1,1,0,1.389473684,run_aa2,1
171,186,1.456989247,1.600938768,1.571428571,1.347368421,0.104070661,0.114352769,1,1,0,1.464864865,run_aa2,1
172,205,1.287804878,1.468658705,1.299065421,1.275510204,0.091986063,0.104904193,1,1,0,1.294117647,run_aa2,1
173,178,1.426966292,1.59013655,1.539325843,1.314606742,0.101926164,0.113581182,1,1,0,1.435028249,run_aa2,1
174,175,1.217142857,1.421809943,1.14,1.32,0.086938776,0.101557853,1,1,3,1.206896552,run_aa2,1
175,168,1.458333333,1.701898083,1.615384615,1.272727273,0.104166667,0.121564149,1,1,2,1.45508982,run_aa2,1
176,171,1.14619883,1.313605342,1.153846154,1.139784946,0.081871345,0.093828953,1,1,3,1.135294118,run_aa2,1
177,171,1.315789474,1.374018085,1.445783133,1.193181818,0.093984962,0.098144149,1,1,1,1.317647059,run_aa2,1
178,180,1.155555556,1.523822825,1.265822785,1.069306931,0.082539683,0.108844488,1,1,0,1.162011173,run_aa2,1
179,185,1.162162162,1.487511664,1.189473684,1.133333333,0.083011583,0.106250833,1,1,0,1.168478261,run_aa2,1
180,191,1.35078534,1.571953833,1.468085106,1.237113402,0.096484667,0.112282417,1,1,4,1.336842105,run_aa2,1
181,172,1.23255814,1.220434383,1.375,1.083333333,0.088039867,0.087173885,1,1,0,1.239766082,run_aa2,1
182,180,1.394444444,1.608278938,1.409090909,1.380434783,0.099603175,0.114877067,1,1,2,1.391061453,run_aa2,1
183,188,1.409574468,1.413197471,1.419354839,1.4,0.100683891,0.100942676,1,1,2,1.406417112,run_aa2,1
184,182,1.313186813,1.396816332,1.393939394,1.21686747,0.093799058,0.099772595,1,1,0,1.320441989,run_aa2,1
185,182,1.208791209,1.460466008,1.145833333,1.279069767,0.086342229,0.104319001,1,1,4,1.193370166,run_aa2,1
186,174,1.252873563,1.559742018,1.195402299,1.310344828,0.089490969,0.111410144,1,1,0,1.260115607,run_aa2,1
187,180,1.333333333,1.582021901,1.443181818,1.22826087,0.095238095,0.113001564,1,1,0,1.340782123,run_aa2,1
188,177,1.333333333,1.594260539,1.513888889,1.20952381,0.095238095,0.113875753,1,1,0,1.340909091,run_aa2,1
189,187,1.256684492,1.40979512,1.193181818,1.313131313,0.089763178,0.100699651,1,1,0,1.26344086,run_aa2,1
190,180,1.555555556,1.603843924,1.636363636,1.456790123,0.111111111,0.11456028,1,1,0,1.56424581,run_aa2,1
191,185,1.227027027,1.340150999,1.292929293,1.151162791,0.087644788,0.095725071,1,1,0,1.233695652,run_aa2,1
192,179,1.318435754,1.427752933,1.421686747,1.229166667,0.094173982,0.101982352,1,1,1,1.320224719,run_aa2,1
193,186,1.338709677,1.443833655,1.367816092,1.313131313,0.09562212,0.103130975,1,1,0,1.345945946,run_aa2,1
194,180,1.344444444,1.403595631,1.542553191,1.127906977,0.096031746,0.100256831,1,1,1,1.346368715,run_aa2,1
195,180,1.383333333,1.711854821,1.397727273,1.369565217,0.098809524,0.122275344,1,1,0,1.391061453,run_aa2,1
196,180,1.416666667,1.704004485,1.425,1.41,0.101190476,0.121714606,1,1,0,1.424581006,run_aa2,1
197,191,1.376963351,1.636521727,1.397959184,1.35483871,0.098354525,0.116894409,1,1,0,1.384210526,run_aa2,1
198,177,1.293785311,1.512679673,1.26744186,1.318681319,0.092413236,0.108048548,1,1,0,1.301136364,run_aa2,1
199,179,1.324022346,1.633921841,1.3625,1.292929293,0.094573025,0.116708703,1,1,1,1.325842697,run_aa2,1
200,186,1.23655914,1.462303621,1.255319149,1.217391304,0.088325653,0.104450259,1,1,0,1.243243243,run_aa2,1
201,179,1.480446927,1.62612375,1.715789474,1.214285714,0.105746209,0.116151696,1,1,4,1.466292135,run_aa2,1
202,174,1.149425287,1.434736169,1.260273973,1.069306931,0.082101806,0.102481155,1,1,NaN,1.149425287,run_aa2,1
203,179,1.424581006,1.715317384,1.450549451,1.397727273,0.101755786,0.12252267,1,1,1,1.426966292,run_aa2,1
204,180,1.444444444,1.600356881,1.283950617,1.575757576,0.103174603,0.114311206,1,1,2,1.441340782,run_aa2,1
205,182,1.142857143,1.441848327,1.336956522,0.944444444,0.081632653,0.102989166,1,1,1,1.143646409,run_aa2,1
206,185,1.2,1.401862116,1.244186047,1.161616162,0.085714286,0.100133008,1,1,1,1.201086957,run_aa2,1
207,184,1.336956522,1.465651715,1.489130435,1.184782609,0.095496894,0.104689408,1,1,0,1.344262295,run_aa2,1
208,169,1.420118343,1.653228439,1.407894737,1.430107527,0.101437025,0.118087746,1,1,1,1.422619048,run_aa2,1
209,175,1.188571429,1.443927321,1.325581395,1.056179775,0.084897959,0.103137666,1,1,2,1.183908046,run_aa2,1
210,187,1.331550802,1.512392981,1.408163265,1.247191011,0.095110772,0.10802807,1,1,0,1.338709677,run_aa2,1
211,177,1.406779661,1.628426221,1.445783133,1.372340426,0.100484262,0.116316159,1,1,1,1.409090909,run_aa2,1
212,181,1.331491713,1.605737105,1.402439024,1.272727273,0.095106551,0.114695508,1,1,1,1.333333333,run_aa2,1
213,185,1.254054054,1.501918084,1.368932039,1.109756098,0.08957529,0.107279863,1,1,2,1.25,run_aa2,1
214,178,1.247191011,1.582252552,1.168421053,1.337349398,0.089085072,0.113018039,1,1,1,1.248587571,run_aa2,1
215,171,1.403508772,1.378741743,1.365853659,1.438202247,0.100250627,0.098481553,1,1,4,1.388235294,run_aa2,1
216,177,1.310734463,1.602394523,1.412371134,1.1875,0.09362389,0.114456752,1,1,0,1.318181818,run_aa2,1
217,177,1.322033898,1.567866363,1.051282051,1.535353535,0.094430993,0.111990454,1,1,0,1.329545455,run_aa2,1
218,178,1.342696629,1.390231265,1.425531915,1.25,0.095906902,0.099302233,1,1,0,1.350282486,run_aa2,1
219,182,1.445054945,1.636852102,1.451219512,1.44,0.10321821,0.116918007,1,1,0,1.453038674,run_aa2,1
220,179,1.374301676,1.645425712,1.329787234,1.423529412,0.098164405,0.117530408,1,1,1,1.376404494,run_aa2,1
221,196,1.571428571,1.61721508,1.775510204,1.367346939,0.112244898,0.115515363,1,1,NaN,1.571428571,run_aa2,1
222,190,1.363157895,1.593542035,1.479591837,1.239130435,0.097368421,0.113824431,1,1,3,1.354497354,run_aa2,1
223,197,1.208121827,1.41144557,1.226804124,1.19,0.086294416,0.100817541,1,1,NaN,1.208121827,run_aa2,1
224,172,1.348837209,1.557982215,1.192771084,1.494382022,0.096345515,0.111284444,1,1,1,1.350877193,run_aa2,1
225,180,1.133333333,1.562121463,1.078651685,1.186813187,0.080952381,0.111580104,1,1,0,1.139664804,run_aa2,1
226,155,1.35483871,1.532089378,1.486842105,1.227848101,0.096774194,0.109434956,1,1,2,1.350649351,run_aa2,1
227,185,1.27027027,1.441780463,1.352272727,1.195876289,0.090733591,0.102984319,1,1,0,1.277173913,run_aa2,1
228,182,1.28021978,1.48045982,1.4375,1.104651163,0.09144427,0.10574713,1,1,0,1.287292818,run_aa2,1
229,171,1.192982456,1.440244217,1.204081633,1.178082192,0.085213033,0.102874587,1,1,0,1.2,run_aa2,1
230,178,1.207865169,1.564632028,1.182926829,1.229166667,0.086276083,0.111759431,1,1,0,1.214689266,run_aa2,1
231,182,1.291208791,1.467071225,1.261363636,1.319148936,0.092229199,0.104790802,1,1,2,1.287292818,run_aa2,1
232,171,1.32748538,1.502274391,1.317073171,1.337078652,0.094820384,0.107305314,1,1,1,1.329411765,run_aa2,1
233,178,1.365168539,1.610811013,1.333333333,1.393617021,0.097512039,0.115057929,1,1,0,1.372881356,run_aa2,1
234,184,1.173913043,1.46439488,1.272727273,1.083333333,0.083850932,0.104599634,1,1,0,1.180327869,run_aa2,1
235,185,1.167567568,1.330669588,1.228571429,1.0875,0.083397683,0.095047828,1,1,1,1.168478261,run_aa2,1
236,173,1.323699422,1.393241228,1.460674157,1.178571429,0.094549959,0.099517231,1,1,3,1.313953488,run_aa2,1
237,173,1.358381503,1.513083151,1.597701149,1.11627907,0.09702725,0.108077368,1,1,1,1.360465116,run_aa2,1
238,186,1.301075269,1.494385501,1.344827586,1.262626263,0.092933948,0.106741822,1,1,2,1.297297297,run_aa2,1
239,168,1.345238095,1.750921384,1.175,1.5,0.096088435,0.125065813,1,1,0,1.353293413,run_aa2,1
240,166,1.487951807,1.548167839,1.434782609,1.554054054,0.106282272,0.110583417,1,1,0,1.496969697,run_aa2,1
241,191,1.251308901,1.468864891,1.296703297,1.21,0.089379207,0.104918921,1,1,0,1.257894737,run_aa2,1
242,186,1.430107527,1.565836963,1.362831858,1.534246575,0.102150538,0.111845497,1,1,4,1.416216216,run_aa2,1
243,174,1.362068966,1.52093228,1.322222222,1.404761905,0.09729064,0.10863802,1,1,1,1.36416185,run_aa2,1
244,185,1.291891892,1.383595344,1.201923077,1.407407407,0.092277992,0.098828239,1,1,3,1.282608696,run_aa2,1
245,188,1.462765957,1.55253693,1.340909091,1.57,0.104483283,0.110895495,1,1,NaN,1.462765957,run_aa2,1
246,184,1.445652174,1.484816637,1.351851852,1.578947368,0.10326087,0.106058331,1,1,1,1.448087432,run_aa2,1
247,182,1.318681319,1.496804116,1.146067416,1.483870968,0.094191523,0.10691458,1,1,1,1.320441989,run_aa2,1
248,191,1.251308901,1.479575282,1.272727273,1.233009709,0.089379207,0.105683949,1,1,0,1.257894737,run_aa2,1
249,177,1.288135593,1.462223332,1.347368421,1.219512195,0.092009685,0.104444524,1,1,NaN,1.288135593,run_aa2,1
250,187,1.320855615,1.630931957,1.363636364,1.282828283,0.09434683,0.11649514,1,1,0,1.327956989,run_aa2,1
251,169,1.443786982,1.628825125,1.423529412,1.464285714,0.103127642,0.116344652,1,1,0,1.452380952,run_aa2,1
252,162,1.25308642,1.484126061,1.405063291,1.108433735,0.089506173,0.106009004,1,1,0,1.260869565,run_aa2,1
253,196,1.107142857,1.367666926,1.162162162,1.035294118,0.079081633,0.097690495,1,1,1,1.107692308,run_aa2,1
254,167,1.550898204,1.713372925,1.428571429,1.697368421,0.110778443,0.12238378,1,1,3,1.542168675,run_aa2,1
255,180,1.266666667,1.39672402,1.155844156,1.349514563,0.09047619,0.099766001,1,1,1,1.268156425,run_aa2,1
256,186,1.38172043,1.593734098,1.543478261,1.223404255,0.098694316,0.11383815,1,1,1,1.383783784,run_aa2,1
257,186,1.419354839,1.48012111,1.39047619,1.456790123,0.101382488,0.105722936,1,1,2,1.416216216,run_aa2,1
258,170,1.352941176,1.444892104,1.34939759,1.356321839,0.096638655,0.103206579,1,1,0,1.360946746,run_aa2,1
259,180,1.338888889,1.568416947,1.523809524,1.177083333,0.095634921,0.112029782,1,1,0,1.346368715,run_aa2,1
260,180,1.45,1.543684195,1.370786517,1.527472527,0.103571429,0.110263157,1,1,3,1.441340782,run_aa2,1
261,188,1.441489362,1.616023348,1.593023256,1.31372549,0.102963526,0.115430239,1,1,2,1.438502674,run_aa2,1
262,195,1.235897436,1.394297514,1.351648352,1.134615385,0.088278388,0.09959268,1,1,4,1.221649485,run_aa2,1
263,195,1.076923077,1.311814188,1.033333333,1.114285714,0.076923077,0.093701013,1,1,0,1.082474227,run_aa2,1
264,163,1.503067485,1.711883783,1.576470588,1.423076923,0.107361963,0.122277413,1,1,0,1.512345679,run_aa2,1
265,154,1.12987013,1.124308349,1.148148148,1.109589041,0.080705009,0.080307739,1,1,1,1.130718954,run_aa2,1
266,170,1.082352941,1.407602054,1.060240964,1.103448276,0.077310924,0.100543004,1,1,0,1.088757396,run_aa2,1
267,186,1.333333333,1.461826576,1.139534884,1.5,0.095238095,0.104416184,1,1,6,1.308108108,run_aa2,1
268,173,1.265895954,1.532153042,1.146341463,1.373626374,0.09042114,0.109439503,1,1,0,1.273255814,run_aa2,1
269,181,1.61878453,1.780599357,1.649350649,1.596153846,0.115627466,0.127185668,1,1,0,1.627777778,run_aa2,1
270,186,1.451612903,1.6604534,1.547368421,1.351648352,0.103686636,0.118603814,1,1,1,1.454054054,run_aa2,1
271,184,1.467391304,1.567784187,1.356435644,1.602409639,0.104813665,0.111984585,1,1,4,1.453551913,run_aa2,1
272,198,1.373737374,1.467660583,1.354166667,1.392156863,0.098124098,0.104832899,1,1,1,1.375634518,run_aa2,1
273,181,1.480662983,1.727526042,1.362745098,1.632911392,0.105761642,0.123394717,1,1,3,1.472222222,run_aa2,1
274,187,1.262032086,1.368148478,1.203883495,1.333333333,0.090145149,0.097724891,1,1,1,1.26344086,run_aa2,1
275,182,1.505494505,1.681052199,1.447619048,1.584415584,0.107535322,0.120075157,1,1,0,1.513812155,run_aa2,1
276,161,1.310559006,1.513423375,1.280487805,1.341772152,0.093611358,0.10810167,1,1,0,1.31875,run_aa2,1
277,180,1.316666667,1.439564646,1.170212766,1.476744186,0.094047619,0.102826046,1,1,0,1.324022346,run_aa2,1
278,194,1.577319588,1.925208025,1.571428571,1.584269663,0.112665685,0.137514859,1,1,1,1.580310881,run_aa2,1
279,192,1.520833333,1.795743464,1.686746988,1.394495413,0.108630952,0.12826739,1,1,3,1.513089005,run_aa2,1
280,180,1.394444444,1.447391112,1.533333333,1.295238095,0.099603175,0.103385079,1,1,2,1.391061453,run_aa2,1
281,190,1.205263158,1.347140292,1.075471698,1.369047619,0.086090226,0.096224307,1,1,0,1.211640212,run_aa2,1
282,181,1.248618785,1.378026275,1.238636364,1.258064516,0.089187056,0.098430448,1,1,2,1.244444444,run_aa2,1
283,173,1.23699422,1.362460234,1.276595745,1.189873418,0.08835673,0.097318588,1,1,2,1.23255814,run_aa2,1
284,167,1.353293413,1.485179168,1.506024096,1.202380952,0.096663815,0.106084226,1,1,2,1.34939759,run_aa2,1
285,178,1.140449438,1.318038184,1.276315789,1.039215686,0.081460674,0.094145585,1,1,0,1.146892655,run_aa2,1
286,171,1.175438596,1.3948157,1.164556962,1.184782609,0.0839599,0.099629693,1,1,0,1.182352941,run_aa2,1
287,176,1.397727273,1.76660949,1.305882353,1.483516484,0.099837662,0.126186392,1,1,2,1.394285714,run_aa2,1
288,171,1.403508772,1.614562215,1.558441558,1.276595745,0.100250627,0.115325872,1,1,0,1.411764706,run_aa2,1
289,197,1.294416244,1.503268307,1.466666667,1.097826087,0.092458303,0.107376308,1,1,0,1.301020408,run_aa2,1
290,170,1.3,1.605648314,1.151162791,1.452380952,0.092857143,0.114689165,1,1,0,1.307692308,run_aa2,1
291,181,1.359116022,1.512278374,1.407407407,1.32,0.097079716,0.108019884,1,1,1,1.361111111,run_aa2,1
292,198,1.398989899,1.459225506,1.326923077,1.478723404,0.09992785,0.104230393,1,1,0,1.406091371,run_aa2,1
293,183,1.278688525,1.335868005,1.402173913,1.153846154,0.091334895,0.095419143,1,1,2,1.274725275,run_aa2,1
294,192,1.28125,1.39335089,1.255555556,1.303921569,0.091517857,0.099525064,1,1,0,1.287958115,run_aa2,1
295,170,1.464705882,1.632307394,1.218390805,1.722891566,0.104621849,0.116593385,1,1,0,1.473372781,run_aa2,1
296,186,1.516129032,1.7467369,1.551020408,1.477272727,0.108294931,0.124766921,1,1,1,1.518918919,run_aa2,1
297,197,1.345177665,1.40793654,1.49,1.195876289,0.096084119,0.100566896,1,1,0,1.352040816,run_aa2,1
298,193,1.347150259,1.550774223,1.273684211,1.418367347,0.096225019,0.110769587,1,1,2,1.34375,run_aa2,1
299,173,1.225433526,1.486779125,1.277108434,1.177777778,0.087530966,0.106198509,1,1,0,1.23255814,run_aa2,1
300,187,1.181818182,1.351658046,1.325581395,1.059405941,0.084415584,0.096547003,1,1,0,1.188172043,run_aa2,1
301,174,1.511494253,1.504284846,1.520833333,1.5,0.107963875,0.107448918,1,1,1,1.514450867,run_aa2,1
302,178,1.219101124,1.40309395,1.367816092,1.076923077,0.087078652,0.100220996,1,1,0,1.225988701,run_aa2,1
303,179,1.324022346,1.404660589,1.482758621,1.173913043,0.094573025,0.100332899,1,1,0,1.331460674,run_aa2,1
304,177,1.361581921,1.40384771,1.402439024,1.326315789,0.097255851,0.100274836,1,1,1,1.363636364,run_aa2,1
305,176,1.357954545,1.43516821,1.467391304,1.238095238,0.096996753,0.102512015,1,1,NaN,1.357954545,run_aa2,1
306,194,1.293814433,1.486123338,1.46875,1.12244898,0.092415317,0.106151667,1,1,3,1.284974093,run_aa2,1
307,175,1.194285714,1.581855243,1.264705882,1.14953271,0.085306122,0.11298966,1,1,4,1.17816092,run_aa2,1
308,175,1.257142857,1.461043108,1.392405063,1.145833333,0.089795918,0.104360222,1,1,NaN,1.257142857,run_aa2,1
309,168,1.31547619,1.540432636,1.5,1.139534884,0.093962585,0.110030903,1,1,0,1.323353293,run_aa2,1
310,178,1.376404494,1.468657288,1.367816092,1.384615385,0.098314607,0.104904092,1,1,0,1.384180791,run_aa2,1
311,178,1.297752809,1.459856624,1.354166667,1.231707317,0.092696629,0.104275473,1,1,0,1.305084746,run_aa2,1
312,177,1.107344633,1.49042484,1.129411765,1.086956522,0.079096045,0.106458917,1,1,0,1.113636364,run_aa2,1
313,175,1.32,1.474067014,1.4,1.244444444,0.094285714,0.105290501,1,1,0,1.327586207,run_aa2,1
314,185,1.410810811,1.613089088,1.44,1.376470588,0.100772201,0.115220649,1,1,0,1.418478261,run_aa2,1
315,178,1.308988764,1.453625155,1.4,1.215909091,0.093499197,0.103830368,1,1,0,1.316384181,run_aa2,1
316,175,1.308571429,1.574467877,1.209876543,1.393617021,0.093469388,0.112461991,1,1,0,1.316091954,run_aa2,1
317,184,1.418478261,1.709467648,1.091836735,1.790697674,0.101319876,0.122104832,1,1,0,1.426229508,run_aa2,1
318,177,1.322033898,1.683212681,1.397590361,1.255319149,0.094430993,0.120229477,1,1,0,1.329545455,run_aa2,1
319,179,1.335195531,1.47619361,1.231578947,1.452380952,0.095371109,0.105442401,1,1,0,1.342696629,run_aa2,1
320,191,1.497382199,1.608773137,1.315217391,1.666666667,0.106955871,0.114912367,1,1,4,1.484210526,run_aa2,1
321,186,1.451612903,1.57009987,1.6625,1.29245283,0.103686636,0.112149991,1,1,0,1.459459459,run_aa2,1
322,197,1.497461929,1.534050146,1.72,1.268041237,0.106961566,0.10957501,1,1,0,1.505102041,run_aa2,1
323,196,1.423469388,1.632760822,1.462365591,1.388349515,0.101676385,0.116625773,1,1,3,1.415384615,run_aa2,1
324,178,1.168539326,1.396006856,1.290697674,1.054347826,0.083467095,0.099714775,1,1,0,1.175141243,run_aa2,1
325,189,1.116402116,1.424405724,1.091954023,1.137254902,0.079743008,0.101743266,1,1,1,1.117021277,run_aa2,1
326,167,1.467065868,1.508148275,1.494736842,1.430555556,0.104790419,0.107724877,1,1,NaN,1.467065868,run_aa2,1
327,177,1.192090395,1.364045051,1.171717172,1.217948718,0.085149314,0.097431789,1,1,1,1.193181818,run_aa2,1
328,177,1.248587571,1.320860057,1.34375,1.135802469,0.089184826,0.094347147,1,1,6,1.221590909,run_aa2,1
329,183,1.480874317,1.680010237,1.340909091,1.610526316,0.105776737,0.120000731,1,1,0,1.489010989,run_aa2,1
330,166,1.415662651,1.66664111,1.481012658,1.356321839,0.101118761,0.119045794,1,1,0,1.424242424,run_aa2,1
331,187,1.245989305,1.617585636,1.311827957,1.180851064,0.088999236,0.115541831,1,1,0,1.252688172,run_aa2,1
332,188,1.356382979,1.50777369,1.19,1.545454545,0.096884498,0.107698121,1,1,1,1.35828877,run_aa2,1
333,181,1.348066298,1.507521555,1.5,1.252252252,0.09629045,0.107680111,1,1,0,1.355555556,run_aa2,1
334,187,1.278074866,1.476591736,1.395061728,1.188679245,0.091291062,0.105470838,1,1,0,1.284946237,run_aa2,1
335,180,1.338888889,1.414860827,1.404040404,1.259259259,0.095634921,0.101061488,1,1,1,1.340782123,run_aa2,1
336,179,1.525139665,1.710241575,1.306818182,1.736263736,0.108938547,0.122160112,1,1,1,1.528089888,run_aa2,1
337,186,1.403225806,1.475489959,1.330097087,1.493975904,0.100230415,0.10539214,1,1,0,1.410810811,run_aa2,1
338,185,1.389189189,1.37915061,1.382352941,1.397590361,0.099227799,0.098510758,1,1,0,1.39673913,run_aa2,1
339,172,1.296511628,1.446669713,1.265822785,1.322580645,0.092607973,0.103333551,1,1,1,1.298245614,run_aa2,1
340,187,1.395721925,1.682798133,1.428571429,1.364583333,0.099694423,0.120199867,1,1,0,1.403225806,run_aa2,1
341,176,1.431818182,1.877965188,1.121621622,1.656862745,0.102272727,0.134140371,1,1,2,1.428571429,run_aa2,1
342,185,1.302702703,1.653469095,1.433333333,1.178947368,0.093050193,0.118104935,1,1,2,1.298913043,run_aa2,1
343,182,1.472527473,1.623995886,1.752808989,1.204301075,0.105180534,0.115999706,1,1,0,1.480662983,run_aa2,1
344,175,1.4,1.553638666,1.550561798,1.244186047,0.1,0.11097419,1,1,0,1.408045977,run_aa2,1
345,191,1.481675393,1.628182493,1.483870968,1.479591837,0.105833957,0.11629875,1,1,0,1.489473684,run_aa2,1
346,201,1.507462687,1.70328918,1.163265306,1.834951456,0.107675906,0.121663513,1,1,0,1.515,run_aa2,1
347,210,1,1.362519479,1.058823529,0.923076923,0.071428571,0.09732282,1,1,0,1.004784689,run_aa2,1
348,213,0.544600939,1.04796814,0.473214286,0.623762376,0.038900067,0.074854867,1,1,0,0.547169811,run_aa2,1
349,215,0.009302326,0.136398868,0,0.018018018,0.000664452,0.009742776,1,1,2,0,run_aa2,1
350,230,0,0,0,0,0,0,1,1,0,0,run_aa2,1
0,909,0.698569857,1.061650355,0.70754717,0.690721649,0.049897847,0.075832168,1,1,NaN,0.698569857,run_aa2,2
1,5,0.2,0.447213595,0,0.333333333,0.014285714,0.031943828,1,1,0,0.25,run_aa2,2
2,85,1.188235294,1.426735515,1.16,1.228571429,0.08487395,0.10190968,1,1,4,1.154761905,run_aa2,2
3,136,1.352941176,1.635392859,1.506493506,1.152542373,0.096638655,0.116813776,1,1,1,1.355555556,run_aa2,2
4,157,1.458598726,1.558641938,1.376470588,1.555555556,0.104185623,0.111331567,1,1,2,1.455128205,run_aa2,2
5,185,1.410810811,1.623165149,1.409090909,1.412371134,0.100772201,0.115940368,1,1,0,1.418478261,run_aa2,2
6,192,1.161458333,1.482877477,1.142857143,1.178217822,0.08296131,0.10591982,1,1,0,1.167539267,run_aa2,2
7,178,1.162921348,1.370131918,1.2,1.120481928,0.083065811,0.097866566,1,1,0,1.169491525,run_aa2,2
8,175,1.382857143,1.511162625,1.431818182,1.333333333,0.09877551,0.107940188,1,1,0,1.390804598,run_aa2,2
9,168,1.30952381,1.384051074,1.453608247,1.112676056,0.093537415,0.098860791,1,1,NaN,1.30952381,run_aa2,2
10,192,1.317708333,1.627029207,1.232323232,1.408602151,0.094122024,0.116216372,1,1,2,1.314136126,run_aa2,2
11,191,1.418848168,1.550029111,1.432989691,1.404255319,0.101346298,0.110716365,1,1,0,1.426315789,run_aa2,2
12,180,1.4,1.619021016,1.348314607,1.450549451,0.1,0.115644358,1,1,5,1.379888268,run_aa2,2
13,192,1.208333333,1.333551466,1.277227723,1.131868132,0.086309524,0.095253676,1,1,0,1.214659686,run_aa2,2
14,179,1.346368715,1.458268058,1.516129032,1.162790698,0.096169194,0.104162004,1,1,1,1.348314607,run_aa2,2
15,184,1.402173913,1.433858965,1.474747475,1.317647059,0.10015528,0.102418498,1,1,1,1.404371585,run_aa2,2
16,172,1.372093023,1.611700723,1.307692308,1.425531915,0.098006645,0.11512148,1,1,0,1.380116959,run_aa2,2
17,180,1,1.290273021,1.097826087,0.897727273,0.071428571,0.092162359,1,1,0,1.005586592,run_aa2,2
18,164,1.481707317,1.508554588,1.574712644,1.376623377,0.105836237,0.107753899,1,1,1,1.484662577,run_aa2,2
19,175,1.411428571,1.623068512,1.192771084,1.608695652,0.100816327,0.115933465,1,1,0,1.41954023,run_aa2,2
20,190,1.457894737,1.789391369,1.5,1.414893617,0.104135338,0.127813669,1,1,0,1.465608466,run_aa2,2
21,190,1.515789474,1.801605151,1.623529412,1.428571429,0.108270677,0.128686082,1,1,0,1.523809524,run_aa2,2
22,195,1.543589744,1.788248419,1.384615385,1.725274725,0.11025641,0.12773203,1,1,2,1.541237113,run_aa2,2
23,185,1.232432432,1.572531546,1.238636364,1.226804124,0.088030888,0.112323682,1,1,0,1.239130435,run_aa2,2
24,182,1.252747253,1.426609058,1.242105263,1.264367816,0.089481947,0.101900647,1,1,0,1.259668508,run_aa2,2
25,183,1.196721311,1.461818138,1.397590361,1.03,0.085480094,0.104415581,1,1,2,1.192307692,run_aa2,2
26,160,1.11875,1.324048846,1.160493827,1.075949367,0.079910714,0.094574918,1,1,0,1.125786164,run_aa2,2
27,174,1.379310345,1.660429496,1.317073171,1.434782609,0.098522167,0.118602107,1,1,0,1.387283237,run_aa2,2
28,170,1.582352941,1.742858732,1.494505495,1.683544304,0.11302521,0.124489909,1,1,1,1.585798817,run_aa2,2
29,182,1.181318681,1.48103384,1.25,1.12244898,0.084379906,0.105788131,1,1,3,1.171270718,run_aa2,2
30,181,1.259668508,1.415775367,1.414893617,1.091954023,0.089976322,0.101126812,1,1,0,1.266666667,run_aa2,2
31,185,1.167567568,1.310089205,1.235955056,1.104166667,0.083397683,0.0935778,1,1,1,1.168478261,run_aa2,2
32,168,1.119047619,1.330478838,1.154761905,1.083333333,0.079931973,0.095034203,1,1,0,1.125748503,run_aa2,2
33,172,1.244186047,1.505825309,1.134146341,1.344444444,0.088870432,0.107558951,1,1,1,1.245614035,run_aa2,2
34,187,1.278074866,1.432232836,1.208791209,1.34375,0.091291062,0.102302345,1,1,0,1.284946237,run_aa2,2
35,187,1.28342246,1.387305367,1.345238095,1.233009709,0.091673033,0.09909324,1,1,0,1.290322581,run_aa2,2
36,170,1.223529412,1.413179474,1.280898876,1.160493827,0.087394958,0.100941391,1,1,NaN,1.223529412,run_aa2,2
37,179,1.357541899,1.424341595,1.318181818,1.395604396,0.096967279,0.101738685,1,1,NaN,1.357541899,run_aa2,2
38,187,1.22459893,1.517933734,1.303370787,1.153061224,0.087471352,0.108423838,1,1,1,1.225806452,run_aa2,2
39,163,1.288343558,1.593675488,1.285714286,1.290322581,0.09202454,0.113833963,1,1,1,1.290123457,run_aa2,2
40,173,1.052023121,1.27710563,1.211111111,0.879518072,0.075144509,0.091221831,1,1,0,1.058139535,run_aa2,2
41,183,1.098360656,1.301371863,1.195121951,1.01980198,0.078454333,0.092955133,1,1,NaN,1.098360656,run_aa2,2
42,181,1.320441989,1.590622458,1.372093023,1.273684211,0.094317285,0.11361589,1,1,1,1.322222222,run_aa2,2
43,188,1.265957447,1.400347794,1.263157895,1.267857143,0.090425532,0.100024842,1,1,0,1.272727273,run_aa2,2
44,176,1.477272727,1.638656402,1.4,1.567901235,0.105519481,0.117046886,1,1,3,1.468571429,run_aa2,2
45,185,1.556756757,1.601042551,1.581395349,1.535353535,0.111196911,0.114360182,1,1,5,1.538043478,run_aa2,2
46,194,1.432989691,1.659684822,1.166666667,1.72826087,0.102356406,0.118548916,1,1,0,1.440414508,run_aa2,2
47,189,1.402116402,1.626638541,1.576470588,1.259615385,0.100151172,0.116188467,1,1,0,1.409574468,run_aa2,2
48,187,1.582887701,1.664727755,1.534883721,1.623762376,0.113063407,0.118909125,1,1,0,1.591397849,run_aa2,2
49,190,1.3,1.542862042,1.32038835,1.275862069,0.092857143,0.110204432,1,1,3,1.291005291,run_aa2,2
50,183,1.120218579,1.377518056,1.32183908,0.9375,0.080015613,0.098394147,1,1,4,1.104395604,run_aa2,2
51,168,1.279761905,1.57801359,1.376470588,1.180722892,0.091411565,0.112715256,1,1,0,1.28742515,run_aa2,2
52,173,1.404624277,1.462071445,1.266666667,1.554216867,0.100330306,0.104433675,1,1,0,1.412790698,run_aa2,2
53,179,1.245810056,1.428412251,1.172839506,1.306122449,0.088986433,0.102029447,1,1,1,1.247191011,run_aa2,2
54,187,1.28342246,1.40272126,1.223300971,1.357142857,0.091673033,0.100194376,1,1,0,1.290322581,run_aa2,2
55,162,1.302469136,1.55275554,1.282352941,1.324675325,0.09303351,0.11091111,1,1,1,1.304347826,run_aa2,2
56,180,1.344444444,1.631814366,1.25,1.452380952,0.096031746,0.116558169,1,1,1,1.346368715,run_aa2,2
57,173,1.219653179,1.489601904,1.193877551,1.253333333,0.087118084,0.106400136,1,1,0,1.226744186,run_aa2,2
58,187,1.245989305,1.373098866,1.295918367,1.191011236,0.088999236,0.09807849,1,1,0,1.252688172,run_aa2,2
59,176,1.392045455,1.578333413,1.395348837,1.388888889,0.099431818,0.112738101,1,1,0,1.4,run_aa2,2
60,184,1.407608696,1.627007961,1.373626374,1.440860215,0.100543478,0.116214854,1,1,6,1.382513661,run_aa2,2
61,190,1.226315789,1.412844369,1.255555556,1.2,0.087593985,0.100917455,1,1,0,1.232804233,run_aa2,2
62,183,1.207650273,1.522918846,1.166666667,1.259259259,0.086260734,0.108779918,1,1,0,1.214285714,run_aa2,2
63,170,1.347058824,1.562359635,1.450549451,1.227848101,0.096218487,0.111597117,1,1,0,1.355029586,run_aa2,2
64,186,1.209677419,1.561050548,1.03,1.418604651,0.08640553,0.111503611,1,1,1,1.210810811,run_aa2,2
65,177,1.559322034,1.821006088,1.597560976,1.526315789,0.111380145,0.130071863,1,1,0,1.568181818,run_aa2,2
66,195,1.282051282,1.416921266,1.306930693,1.255319149,0.091575092,0.101208662,1,1,2,1.278350515,run_aa2,2
67,188,1.45212766,1.771082555,1.302325581,1.578431373,0.103723404,0.126505897,1,1,0,1.459893048,run_aa2,2
68,180,1.327777778,1.497970902,1.359550562,1.296703297,0.09484127,0.106997922,1,1,3,1.318435754,run_aa2,2
69,194,1.402061856,1.71949983,1.180952381,1.662921348,0.100147275,0.122821416,1,1,3,1.393782383,run_aa2,2
70,190,1.415789474,1.480298539,1.494623656,1.340206186,0.10112782,0.10573561,1,1,0,1.423280423,run_aa2,2
71,182,1.510989011,1.600203754,1.691489362,1.318181818,0.107927786,0.114300268,1,1,2,1.508287293,run_aa2,2
72,195,1.405128205,1.521317375,1.405940594,1.404255319,0.1003663,0.108665527,1,1,0,1.412371134,run_aa2,2
73,180,1.411111111,1.581276229,1.275,1.52,0.100793651,0.112948302,1,1,2,1.407821229,run_aa2,2
74,183,1.371584699,1.730038811,1.183673469,1.588235294,0.097970336,0.123574201,1,1,1,1.373626374,run_aa2,2
75,184,1.222826087,1.429326202,1.397849462,1.043956044,0.08734472,0.102094729,1,1,0,1.229508197,run_aa2,2
76,170,1.470588235,1.496253588,1.421052632,1.533333333,0.105042017,0.106875256,1,1,1,1.473372781,run_aa2,2
77,186,1.521505376,1.521759257,1.48,1.569767442,0.108678955,0.10869709,1,1,3,1.513513514,run_aa2,2
78,189,1.375661376,1.451939353,1.347368421,1.404255319,0.098261527,0.103709954,1,1,0,1.382978723,run_aa2,2
79,181,1.187845304,1.436843105,1.395061728,1.02,0.084846093,0.10263165,1,1,0,1.194444444,run_aa2,2
80,181,1.375690608,1.581934538,1.530612245,1.192771084,0.098263615,0.112995324,1,1,4,1.361111111,run_aa2,2
81,180,1.527777778,1.439392157,1.364705882,1.673684211,0.109126984,0.102813726,1,1,NaN,1.527777778,run_aa2,2
82,176,1.198863636,1.515707798,1.284210526,1.098765432,0.085633117,0.108264843,1,1,0,1.205714286,run_aa2,2
83,192,1.364583333,1.576129474,1.463414634,1.290909091,0.097470238,0.112580677,1,1,2,1.361256545,run_aa2,2
84,173,1.369942197,1.42307336,1.615384615,1.168421053,0.097853014,0.101648097,1,1,3,1.360465116,run_aa2,2
85,175,1.257142857,1.449194329,1.305882353,1.211111111,0.089795918,0.103513881,1,1,1,1.25862069,run_aa2,2
86,186,1.301075269,1.5087847,1.127659574,1.47826087,0.092933948,0.107770336,1,1,3,1.291891892,run_aa2,2
87,169,1.266272189,1.571732725,1.321428571,1.211764706,0.090448014,0.112266623,1,1,0,1.273809524,run_aa2,2
88,178,1.219101124,1.740924905,1.02173913,1.430232558,0.087078652,0.124351779,1,1,0,1.225988701,run_aa2,2
89,183,1.245901639,1.370678877,1.49382716,1.049019608,0.088992974,0.097905634,1,1,0,1.252747253,run_aa2,2
90,187,1.50802139,1.69556342,1.602040816,1.404494382,0.107715814,0.121111673,1,1,0,1.516129032,run_aa2,2
91,185,1.47027027,1.601776335,1.32967033,1.606382979,0.105019305,0.114412595,1,1,4,1.456521739,run_aa2,2
92,172,1.156976744,1.399167731,1.172413793,1.141176471,0.082641196,0.099940552,1,1,0,1.16374269,run_aa2,2
93,186,1.134408602,1.285343124,1.136363636,1.132653061,0.081029186,0.091810223,1,1,0,1.140540541,run_aa2,2
94,182,1.368131868,1.649267651,1.360824742,1.376470588,0.097723705,0.117804832,1,1,0,1.375690608,run_aa2,2
95,186,1.26344086,1.395148733,1.12745098,1.428571429,0.090245776,0.099653481,1,1,0,1.27027027,run_aa2,2
96,180,1.477777778,1.547950729,1.510638298,1.441860465,0.105555556,0.110567909,1,1,2,1.474860335,run_aa2,2
97,187,1.203208556,1.503183137,1.06741573,1.326530612,0.085943468,0.107370224,1,1,6,1.177419355,run_aa2,2
98,184,1.211956522,1.501790726,1.214285714,1.209302326,0.086568323,0.107270766,1,1,0,1.218579235,run_aa2,2
99,170,1.141176471,1.360063879,1.099009901,1.202898551,0.081512605,0.09714742,1,1,2,1.136094675,run_aa2,2
100,164,1.067073171,1.198829171,1.086021505,1.042253521,0.076219512,0.085630655,1,1,1,1.067484663,run_aa2,2
101,139,1.258992806,1.634492917,1.130434783,1.385714286,0.089928058,0.116749494,1,1,2,1.253623188,run_aa2,2
102,154,1.201298701,1.630509244,1.170454545,1.242424242,0.08580705,0.116464946,1,1,2,1.196078431,run_aa2,2
103,144,1.069444444,1.255214454,1.054054054,1.085714286,0.076388889,0.089658175,1,1,0,1.076923077,run_aa2,2
104,113,1.14159292,1.42595367,1.02,1.238095238,0.081542351,0.101853834,1,1,NaN,1.14159292,run_aa2,2
105,127,1.181102362,1.299678366,1.396825397,0.96875,0.084364454,0.092834169,1,1,1,1.182539683,run_aa2,2
106,103,1.106796117,1.305438258,1.325581395,0.95,0.079056865,0.09324559,1,1,1,1.107843137,run_aa2,2
107,88,0.863636364,1.084708957,1.044444444,0.674418605,0.061688312,0.077479211,1,1,0,0.873563218,run_aa2,2
108,86,0.988372093,0.999931598,1.170731707,0.822222222,0.070598007,0.071423686,1,1,0,1,run_aa2,2
109,93,0.946236559,1.32177081,1.166666667,0.764705882,0.067588326,0.094412201,1,1,1,0.945652174,run_aa2,2
110,51,0.62745098,0.915658983,0.677419355,0.55,0.044817927,0.065404213,1,1,0,0.64,run_aa2,2
111,51,1.019607843,1.256824508,1.518518519,0.458333333,0.072829132,0.089773179,1,1,0,1.04,run_aa2,2
112,48,1.041666667,1.501181568,0.954545455,1.115384615,0.074404762,0.107227255,1,1,NaN,1.041666667,run_aa2,2
113,49,1.469387755,1.74525596,1.192307692,1.782608696,0.104956268,0.12466114,1,1,0,1.5,run_aa2,2
114,45,1.133333333,1.289820283,1.391304348,0.863636364,0.080952381,0.09213002,1,1,3,1.090909091,run_aa2,2
115,49,1.224489796,1.358082382,1.08,1.375,0.087463557,0.097005884,1,1,0,1.25,run_aa2,2
116,42,1.261904762,1.230893465,1.2,1.318181818,0.090136054,0.087920962,1,1,0,1.292682927,run_aa2,2
117,44,1.318181818,1.610614894,1.16,1.526315789,0.094155844,0.115043921,1,1,1,1.325581395,run_aa2,2
118,46,1.543478261,1.917249439,1.32,1.80952381,0.110248447,0.136946388,1,1,0,1.577777778,run_aa2,2
119,49,1.387755102,1.680975988,1.380952381,1.392857143,0.099125364,0.120069713,1,1,0,1.416666667,run_aa2,2
120,52,1.019230769,1.228587338,1.117647059,0.833333333,0.072802198,0.087756238,1,1,0,1.039215686,run_aa2,2
121,45,1.133333333,1.324592562,1.25,1.04,0.080952381,0.094613754,1,1,2,1.113636364,run_aa2,2
122,44,1.090909091,1.235486569,1.115384615,1.055555556,0.077922078,0.088249041,1,1,0,1.11627907,run_aa2,2
123,47,1.382978723,1.525909444,1.413793103,1.333333333,0.098784195,0.108993532,1,1,1,1.391304348,run_aa2,2
124,45,1.311111111,1.564117849,1.235294118,1.357142857,0.093650794,0.111722704,1,1,0,1.340909091,run_aa2,2
125,41,1.243902439,1.41032776,1.526315789,1,0.088850174,0.100737697,1,1,NaN,1.243902439,run_aa2,2
126,45,1.288888889,1.700564375,1.260869565,1.318181818,0.092063492,0.121468884,1,1,1,1.295454545,run_aa2,2
127,47,1.234042553,1.370699059,1.458333333,1,0.088145897,0.097907076,1,1,1,1.239130435,run_aa2,2
128,49,1.142857143,1.354006401,1.407407407,0.818181818,0.081632653,0.096714743,1,1,3,1.104166667,run_aa2,2
129,45,0.822222222,1.05073327,0.85,0.8,0.058730159,0.075052376,1,1,1,0.818181818,run_aa2,2
130,46,1.086956522,1.189324495,1.25,0.909090909,0.077639752,0.08495175,1,1,0,1.111111111,run_aa2,2
131,37,1.189189189,1.595790258,0.941176471,1.4,0.084942085,0.113985018,1,1,0,1.222222222,run_aa2,2
132,38,1,1.355668779,1.277777778,0.75,0.071428571,0.096833484,1,1,0,1.027027027,run_aa2,2
133,40,0.925,1.22762017,1,0.842105263,0.066071429,0.087687155,1,1,0,0.948717949,run_aa2,2
134,44,1.25,1.571919283,1.181818182,1.318181818,0.089285714,0.112279949,1,1,2,1.23255814,run_aa2,2
135,40,2,2.407253995,2,2,0.142857143,0.171946714,1,1,1,2.025641026,run_aa2,2
136,44,1.227272727,1.411969371,1.12,1.368421053,0.087662338,0.100854955,1,1,0,1.255813953,run_aa2,2
137,45,1.288888889,1.342017176,1.230769231,1.368421053,0.092063492,0.09585837,1,1,1,1.295454545,run_aa2,2
138,45,1.311111111,1.549519313,1.571428571,1.083333333,0.093650794,0.110679951,1,1,0,1.340909091,run_aa2,2
139,46,1.565217391,1.586781143,1.538461538,1.6,0.111801242,0.11334151,1,1,1,1.577777778,run_aa2,2
140,44,1.522727273,1.663404136,1.454545455,1.590909091,0.108766234,0.118814581,1,1,1,1.534883721,run_aa2,2
141,46,1.413043478,1.557435027,1.466666667,1.3125,0.100931677,0.111245359,1,1,2,1.4,run_aa2,2
142,49,1.428571429,2.160246899,1.2,1.666666667,0.102040816,0.15430335,1,1,0,1.458333333,run_aa2,2
143,46,1.5,1.559914528,1.368421053,1.592592593,0.107142857,0.111422466,1,1,0,1.533333333,run_aa2,2
144,53,1.20754717,1.391712981,1.037037037,1.384615385,0.086253369,0.09940807,1,1,0,1.230769231,run_aa2,2
145,48,1.5625,1.623055301,1.5,1.6,0.111607143,0.115932522,1,1,2,1.553191489,run_aa2,2
146,44,1.727272727,1.703124848,1.625,1.85,0.123376623,0.121651775,1,1,NaN,1.727272727,run_aa2,2
147,51,1.549019608,1.566061627,1.692307692,1.4,0.110644258,0.111861545,1,1,2,1.54,run_aa2,2
148,47,1.70212766,1.966180292,1.791666667,1.608695652,0.121580547,0.140441449,1,1,1,1.717391304,run_aa2,2
149,52,2.057692308,2.217695868,2.038461538,2.076923077,0.146978022,0.158406848,1,1,0,2.098039216,run_aa2,2
150,42,2.047619048,1.752383477,2.210526316,1.913043478,0.146258503,0.125170248,1,1,NaN,2.047619048,run_aa2,2
151,94,2.053191489,2.132024235,2.094339623,2,0.146656535,0.152287445,1,1,2,2.053763441,run_aa2,2
152,105,1.457142857,1.813563065,1.534883721,1.403225806,0.104081633,0.129540219,1,1,0,1.471153846,run_aa2,2
153,129,1.379844961,1.420793124,1.405797101,1.35,0.098560354,0.101485223,1,1,0,1.390625,run_aa2,2
154,128,1.390625,1.543257497,1.333333333,1.457627119,0.099330357,0.110232678,1,1,1,1.393700787,run_aa2,2
155,139,1.431654676,1.372875749,1.553846154,1.324324324,0.102261048,0.098062553,1,1,NaN,1.431654676,run_aa2,2
156,143,1.34965035,1.440162067,1.347222222,1.352112676,0.096403596,0.102868719,1,1,0,1.35915493,run_aa2,2
157,168,1.410714286,1.617014167,1.284090909,1.55,0.100765306,0.115501012,1,1,0,1.419161677,run_aa2,2
158,165,1.315151515,1.521416464,1.46835443,1.174418605,0.093939394,0.108672605,1,1,0,1.323170732,run_aa2,2
159,176,1.5,1.603567451,1.55952381,1.445652174,0.107142857,0.114540532,1,1,0,1.508571429,run_aa2,2
160,194,1.335051546,1.386877152,1.311827957,1.356435644,0.095360825,0.099062654,1,1,1,1.336787565,run_aa2,2
161,185,1.302702703,1.357444547,1.393617021,1.208791209,0.093050193,0.096960325,1,1,2,1.298913043,run_aa2,2
162,178,1.43258427,1.525102592,1.527777778,1.367924528,0.102327448,0.108935899,1,1,1,1.435028249,run_aa2,2
163,181,1.375690608,1.415103135,1.555555556,1.197802198,0.098263615,0.101078795,1,1,2,1.372222222,run_aa2,2
164,173,1.352601156,1.489286019,1.367816092,1.337209302,0.096614368,0.106377573,1,1,0,1.360465116,run_aa2,2
165,171,1.257309942,1.377718409,1.351648352,1.15,0.089807853,0.098408458,1,1,0,1.264705882,run_aa2,2
166,175,1.12,1.361371857,1.428571429,0.87755102,0.08,0.097240847,1,1,0,1.126436782,run_aa2,2
167,174,1.24137931,1.473978669,1.328947368,1.173469388,0.088669951,0.105284191,1,1,0,1.248554913,run_aa2,2
168,177,1.338983051,1.529373418,1.292134831,1.386363636,0.095641646,0.109240958,1,1,9,1.295454545,run_aa2,2
169,170,1.435294118,1.510884053,1.522727273,1.341463415,0.102521008,0.10792029,1,1,0,1.443786982,run_aa2,2
170,182,1.472527473,1.660996568,1.514018692,1.413333333,0.105180534,0.118642612,1,1,0,1.480662983,run_aa2,2
171,188,1.345744681,1.459848713,1.494252874,1.217821782,0.09612462,0.104274908,1,1,1,1.347593583,run_aa2,2
172,186,1.446236559,1.566477138,1.340909091,1.540816327,0.103302611,0.111891224,1,1,1,1.448648649,run_aa2,2
173,185,1.232432432,1.419976664,1.070707071,1.418604651,0.088030888,0.101426905,1,1,1,1.233695652,run_aa2,2
174,178,1.252808989,1.642692422,1.306818182,1.2,0.089486356,0.117335173,1,1,1,1.254237288,run_aa2,2
175,179,1.312849162,1.676808845,1.64556962,1.05,0.09377494,0.11977206,1,1,0,1.320224719,run_aa2,2
176,173,1.38150289,1.575282937,1.35443038,1.404255319,0.098678778,0.11252021,1,1,5,1.360465116,run_aa2,2
177,190,1.378947368,1.60144741,1.304761905,1.470588235,0.098496241,0.114389101,1,1,0,1.386243386,run_aa2,2
178,175,1.234285714,1.472729669,1.341176471,1.133333333,0.088163265,0.105194976,1,1,3,1.224137931,run_aa2,2
179,192,1.276041667,1.447817986,1.421052632,1.134020619,0.091145833,0.10341557,1,1,0,1.282722513,run_aa2,2
180,180,1.416666667,1.713811786,1.404494382,1.428571429,0.101190476,0.122415128,1,1,NaN,1.416666667,run_aa2,2
181,182,1.236263736,1.560635689,1.265957447,1.204545455,0.088304553,0.111473978,1,1,0,1.243093923,run_aa2,2
182,178,1.342696629,1.503471511,1.47826087,1.197674419,0.095906902,0.107390822,1,1,2,1.338983051,run_aa2,2
183,188,1.196808511,1.428731319,1.108433735,1.266666667,0.085486322,0.102052237,1,1,0,1.203208556,run_aa2,2
184,179,1.374301676,1.532277785,1.396039604,1.346153846,0.098164405,0.109448413,1,1,0,1.382022472,run_aa2,2
185,194,1.422680412,1.474024146,1.366666667,1.471153846,0.101620029,0.105287439,1,1,1,1.424870466,run_aa2,2
186,175,1.462857143,1.603710804,1.517241379,1.409090909,0.104489796,0.114550772,1,1,0,1.471264368,run_aa2,2
187,177,1.412429379,1.531659556,1.516853933,1.306818182,0.100887813,0.109404254,1,1,1,1.414772727,run_aa2,2
188,179,1.072625698,1.353430651,1.1,1.037974684,0.076616121,0.096673618,1,1,0,1.078651685,run_aa2,2
189,176,1.397727273,1.542093366,1.325581395,1.466666667,0.099837662,0.110149526,1,1,0,1.405714286,run_aa2,2
190,176,1.164772727,1.43869304,1.340909091,0.988636364,0.083198052,0.102763789,1,1,0,1.171428571,run_aa2,2
191,180,1.3,1.660921196,1.647058824,0.989473684,0.092857143,0.118637228,1,1,3,1.290502793,run_aa2,2
192,182,1.43956044,1.542823638,1.5,1.377777778,0.102825746,0.110201688,1,1,0,1.447513812,run_aa2,2
193,187,1.144385027,1.423877797,1.188888889,1.103092784,0.081741788,0.101705557,1,1,0,1.150537634,run_aa2,2
194,181,1.458563536,1.75584615,1.5,1.417582418,0.10418311,0.125417582,1,1,6,1.433333333,run_aa2,2
195,189,1.28042328,1.360806953,1.347826087,1.216494845,0.091458806,0.097200497,1,1,2,1.276595745,run_aa2,2
196,171,1.403508772,1.699754125,1.47311828,1.320512821,0.100250627,0.121411009,1,1,1,1.405882353,run_aa2,2
197,188,1.505319149,1.626969692,1.5625,1.445652174,0.107522796,0.116212121,1,1,1,1.50802139,run_aa2,2
198,187,1.245989305,1.514596529,1.305263158,1.184782609,0.088999236,0.108185466,1,1,3,1.23655914,run_aa2,2
199,186,1.14516129,1.300895004,1.17721519,1.121495327,0.081797235,0.092921072,1,1,1,1.145945946,run_aa2,2
200,170,1.129411765,1.501779893,1.105882353,1.152941176,0.080672269,0.107269992,1,1,0,1.136094675,run_aa2,2
201,156,1.269230769,1.388181237,1.205128205,1.333333333,0.090659341,0.099155803,1,1,0,1.277419355,run_aa2,2
202,186,1.456989247,1.58396682,1.5125,1.41509434,0.104070661,0.113140487,1,1,2,1.454054054,run_aa2,2
203,187,1.267379679,1.55305979,1.458333333,1.065934066,0.09052712,0.110932842,1,1,1,1.268817204,run_aa2,2
204,194,1.201030928,1.364159659,1.393617021,1.02,0.085787923,0.097439976,1,1,0,1.207253886,run_aa2,2
205,180,1.272222222,1.385602568,1.274725275,1.269662921,0.090873016,0.098971612,1,1,3,1.262569832,run_aa2,2
206,173,1.10982659,1.331447225,1.058823529,1.159090909,0.079273328,0.095103373,1,1,0,1.11627907,run_aa2,2
207,169,1.443786982,1.569265783,1.376470588,1.511904762,0.103127642,0.112090413,1,1,0,1.452380952,run_aa2,2
208,178,1.320224719,1.530752909,1.296703297,1.344827586,0.094301766,0.109339494,1,1,1,1.322033898,run_aa2,2
209,180,1.35,1.526214143,1.411764706,1.294736842,0.096428571,0.109015296,1,1,0,1.357541899,run_aa2,2
210,184,1.059782609,1.339485243,1.104651163,1.020408163,0.075698758,0.095677517,1,1,0,1.06557377,run_aa2,2
211,177,1.519774011,1.624004574,1.545454545,1.5,0.108555287,0.116000327,1,1,2,1.517045455,run_aa2,2
212,175,1.468571429,1.541713375,1.625,1.359223301,0.104897959,0.110122384,1,1,NaN,1.468571429,run_aa2,2
213,185,1.32972973,1.53383309,1.384615385,1.276595745,0.094980695,0.109559506,1,1,NaN,1.32972973,run_aa2,2
214,194,1.355670103,1.734231345,1.386138614,1.322580645,0.096833579,0.123873667,1,1,0,1.362694301,run_aa2,2
215,184,1.233695652,1.332549811,1.329545455,1.145833333,0.088121118,0.095182129,1,1,1,1.234972678,run_aa2,2
216,180,1.238888889,1.499958617,1.298701299,1.194174757,0.088492063,0.107139901,1,1,0,1.245810056,run_aa2,2
217,183,1.37704918,1.594950147,1.297029703,1.475609756,0.098360656,0.11392501,1,1,0,1.384615385,run_aa2,2
218,171,1.251461988,1.376669328,1.170454545,1.337349398,0.089390142,0.098333523,1,1,2,1.247058824,run_aa2,2
219,169,1.230769231,1.455694892,1.321428571,1.141176471,0.087912088,0.103978207,1,1,2,1.226190476,run_aa2,2
220,177,1.384180791,1.668347894,1.548387097,1.202380952,0.098870056,0.119167707,1,1,0,1.392045455,run_aa2,2
221,185,1.324324324,1.380257814,1.402061856,1.238636364,0.094594595,0.098589844,1,1,2,1.320652174,run_aa2,2
222,174,1.25862069,1.392303512,1.247706422,1.276923077,0.089901478,0.099450251,1,1,0,1.265895954,run_aa2,2
223,181,1.35359116,1.474543556,1.104166667,1.635294118,0.096685083,0.10532454,1,1,0,1.361111111,run_aa2,2
224,177,1.209039548,1.44848184,1.222222222,1.192307692,0.086359968,0.103462989,1,1,1,1.210227273,run_aa2,2
225,184,1.326086957,1.568882486,1.284210526,1.370786517,0.094720497,0.112063035,1,1,0,1.333333333,run_aa2,2
226,157,1.407643312,1.576898181,1.592592593,1.210526316,0.100545951,0.112635584,1,1,4,1.391025641,run_aa2,2
227,193,1.352331606,1.517332931,1.295454545,1.4,0.096595115,0.108380924,1,1,0,1.359375,run_aa2,2
228,181,1.20441989,1.34873699,1.142857143,1.266666667,0.086029992,0.096338356,1,1,2,1.2,run_aa2,2
229,182,1.263736264,1.344809254,1.255102041,1.273809524,0.090266876,0.096057804,1,1,0,1.270718232,run_aa2,2
230,187,1.363636364,1.543757334,1.333333333,1.391752577,0.097402597,0.110268381,1,1,1,1.365591398,run_aa2,2
231,174,1.373563218,1.419758163,1.195402299,1.551724138,0.098111658,0.101411297,1,1,0,1.38150289,run_aa2,2
232,176,1.340909091,1.577602982,1.43877551,1.217948718,0.095779221,0.112685927,1,1,NaN,1.340909091,run_aa2,2
233,174,1.103448276,1.240310261,1.033707865,1.176470588,0.078817734,0.08859359,1,1,0,1.10982659,run_aa2,2
234,173,1.439306358,1.62218041,1.459770115,1.418604651,0.102807597,0.115870029,1,1,0,1.447674419,run_aa2,2
235,179,1.189944134,1.516837891,1.11827957,1.26744186,0.08499601,0.108345564,1,1,4,1.174157303,run_aa2,2
236,173,1.323699422,1.532350437,1.112676056,1.470588235,0.094549959,0.109453603,1,1,1,1.325581395,run_aa2,2
237,177,1.293785311,1.427655349,1.487804878,1.126315789,0.092413236,0.101975382,1,1,0,1.301136364,run_aa2,2
238,181,1.215469613,1.427111856,1.290322581,1.136363636,0.086819258,0.101936561,1,1,0,1.222222222,run_aa2,2
239,173,1.242774566,1.275446726,1.2,1.284090909,0.088769612,0.091103338,1,1,0,1.25,run_aa2,2
240,172,1.343023256,1.492205142,1.471264368,1.211764706,0.095930233,0.106586082,1,1,1,1.34502924,run_aa2,2
241,187,1.347593583,1.407366215,1.575,1.177570093,0.096256684,0.100526158,1,1,2,1.344086022,run_aa2,2
242,179,1.290502793,1.508205748,1.35,1.242424242,0.092178771,0.107728982,1,1,0,1.297752809,run_aa2,2
243,176,1.295454545,1.653803173,1.301204819,1.290322581,0.092532468,0.118128798,1,1,3,1.285714286,run_aa2,2
244,168,1.404761905,1.582986245,1.519480519,1.307692308,0.100340136,0.113070446,1,1,NaN,1.404761905,run_aa2,2
245,188,1.595744681,1.843149762,1.87254902,1.26744186,0.113981763,0.131653554,1,1,NaN,1.595744681,run_aa2,2
246,191,1.329842932,1.539343495,1.166666667,1.475247525,0.094988781,0.109953107,1,1,0,1.336842105,run_aa2,2
247,197,1.421319797,1.47085713,1.5,1.333333333,0.101522843,0.105061224,1,1,0,1.428571429,run_aa2,2
248,178,1.387640449,1.566335118,1.397590361,1.378947368,0.099117175,0.11188108,1,1,0,1.395480226,run_aa2,2
249,187,1.203208556,1.40712105,1.344827586,1.08,0.085943468,0.100508646,1,1,3,1.193548387,run_aa2,2
250,176,1.409090909,1.611645928,1.417582418,1.4,0.100649351,0.115117566,1,1,4,1.394285714,run_aa2,2
251,167,1.383233533,1.612214398,1.457446809,1.287671233,0.098802395,0.115158171,1,1,0,1.391566265,run_aa2,2
252,188,1.303191489,1.505281407,1.395061728,1.23364486,0.093085106,0.1075201,1,1,0,1.310160428,run_aa2,2
253,184,1.076086957,1.320156438,1.126582278,1.038095238,0.076863354,0.094296888,1,1,0,1.081967213,run_aa2,2
254,166,1.180722892,1.49053237,1.259259259,1.105882353,0.084337349,0.106466598,1,1,2,1.175757576,run_aa2,2
255,176,1.204545455,1.391066115,1.373493976,1.053763441,0.086038961,0.099361865,1,1,2,1.2,run_aa2,2
256,169,1.325443787,1.545154854,1.226190476,1.423529412,0.094674556,0.110368204,1,1,3,1.31547619,run_aa2,2
257,177,1.231638418,1.540186723,1.0875,1.350515464,0.087974173,0.110013337,1,1,NaN,1.231638418,run_aa2,2
258,176,1.301136364,1.448229999,1.392405063,1.226804124,0.092938312,0.103445,1,1,0,1.308571429,run_aa2,2
259,182,1.346153846,1.568319486,1.344444444,1.347826087,0.096153846,0.11202282,1,1,0,1.35359116,run_aa2,2
260,171,1.467836257,1.488333255,1.517647059,1.418604651,0.104845447,0.106309518,1,1,1,1.470588235,run_aa2,2
261,180,1.227777778,1.567229187,1.282608696,1.170454545,0.087698413,0.111944942,1,1,0,1.234636872,run_aa2,2
262,166,1.168674699,1.37791478,1.2,1.142857143,0.083476764,0.098422484,1,1,3,1.157575758,run_aa2,2
263,168,1.285714286,1.448281481,1.449275362,1.171717172,0.091836735,0.103448677,1,1,1,1.28742515,run_aa2,2
264,172,1.279069767,1.394652803,1.258426966,1.301204819,0.091362126,0.099618057,1,1,0,1.286549708,run_aa2,2
265,186,1.241935484,1.552875107,1.391752577,1.078651685,0.088709677,0.110919651,1,1,0,1.248648649,run_aa2,2
266,188,1.313829787,1.384567429,1.322580645,1.305263158,0.093844985,0.098897674,1,1,3,1.304812834,run_aa2,2
267,180,1.333333333,1.506039981,1.24137931,1.419354839,0.095238095,0.107574284,1,1,0,1.340782123,run_aa2,2
268,173,1.456647399,1.597463206,1.25,1.670588235,0.104046243,0.114104515,1,1,1,1.459302326,run_aa2,2
269,184,1.326086957,1.544308752,1.557894737,1.078651685,0.094720497,0.110307768,1,1,0,1.333333333,run_aa2,2
270,182,1.527472527,1.745337336,1.505050505,1.554216867,0.109105181,0.124666953,1,1,1,1.53038674,run_aa2,2
271,187,1.315508021,1.531716703,1.241758242,1.385416667,0.093964859,0.109408336,1,1,1,1.317204301,run_aa2,2
272,182,1.478021978,1.798421788,1.368421053,1.597701149,0.105572998,0.128458699,1,1,0,1.486187845,run_aa2,2
273,199,1.226130653,1.505585762,1.298969072,1.156862745,0.087580761,0.10754184,1,1,3,1.217171717,run_aa2,2
274,176,1.181818182,1.512201457,1.238095238,1.130434783,0.084415584,0.10801439,1,1,0,1.188571429,run_aa2,2
275,193,1.347150259,1.567476961,1.393939394,1.29787234,0.096225019,0.11196264,1,1,0,1.354166667,run_aa2,2
276,162,1.512345679,2.034600253,1.279069767,1.776315789,0.108024691,0.14532859,1,1,NaN,1.512345679,run_aa2,2
277,188,1.132978723,1.379133131,1.19,1.068181818,0.080927052,0.098509509,1,1,0,1.139037433,run_aa2,2
278,187,1.379679144,1.576103097,1.397727273,1.363636364,0.09854851,0.112578793,1,1,3,1.370967742,run_aa2,2
279,179,1.335195531,1.524865564,1.301204819,1.364583333,0.095371109,0.108918969,1,1,0,1.342696629,run_aa2,2
280,174,1.304597701,1.382918757,1.333333333,1.273809524,0.09318555,0.098779911,1,1,0,1.312138728,run_aa2,2
281,180,1.372222222,1.756172055,1.313953488,1.425531915,0.098015873,0.125440861,1,1,0,1.379888268,run_aa2,2
282,186,1.327956989,1.602354051,1.358695652,1.29787234,0.094854071,0.114453861,1,1,1,1.32972973,run_aa2,2
283,184,1.244565217,1.478432498,1.384615385,1.107526882,0.088897516,0.105602321,1,1,0,1.25136612,run_aa2,2
284,168,1.279761905,1.589356798,1.285714286,1.273809524,0.091411565,0.113525486,1,1,1,1.281437126,run_aa2,2
285,168,1.333333333,1.580823202,1.255319149,1.432432432,0.095238095,0.112915943,1,1,1,1.335329341,run_aa2,2
286,180,1.227777778,1.486740485,1.13,1.35,0.087698413,0.106195749,1,1,6,1.201117318,run_aa2,2
287,188,1.420212766,1.615107803,1.277227723,1.586206897,0.101443769,0.115364843,1,1,0,1.427807487,run_aa2,2
288,178,1.224719101,1.37986169,1.329545455,1.122222222,0.087479936,0.098561549,1,1,0,1.231638418,run_aa2,2
289,172,1.284883721,1.576584319,1.402173913,1.15,0.091777409,0.112613166,1,1,0,1.292397661,run_aa2,2
290,174,1.413793103,1.605998324,1.289473684,1.510204082,0.100985222,0.114714166,1,1,1,1.416184971,run_aa2,2
291,175,1.245714286,1.486402518,1.174418605,1.314606742,0.088979592,0.106171608,1,1,2,1.24137931,run_aa2,2
292,183,1.426229508,1.438776377,1.489130435,1.362637363,0.101873536,0.102769741,1,1,1,1.428571429,run_aa2,2
293,184,1.52173913,1.609250994,1.494949495,1.552941176,0.108695652,0.1149465,1,1,2,1.519125683,run_aa2,2
294,186,1.258064516,1.405804383,1.189473684,1.32967033,0.089861751,0.100414599,1,1,0,1.264864865,run_aa2,2
295,192,1.239583333,1.37475208,1.213483146,1.262135922,0.088541667,0.098196577,1,1,5,1.219895288,run_aa2,2
296,180,1.477777778,1.515121381,1.538461538,1.394736842,0.105555556,0.108222956,1,1,NaN,1.477777778,run_aa2,2
297,188,1.388297872,1.441653565,1.333333333,1.457831325,0.099164134,0.102975255,1,1,2,1.385026738,run_aa2,2
298,171,1.18128655,1.383474137,1.226190476,1.137931034,0.084377611,0.098819581,1,1,0,1.188235294,run_aa2,2
299,176,1.471590909,1.631577597,1.415730337,1.528735632,0.105113636,0.116541257,1,1,0,1.48,run_aa2,2
300,186,1.268817204,1.536157262,1.173913043,1.361702128,0.0906298,0.109725519,1,1,0,1.275675676,run_aa2,2
301,163,1.472392638,1.75440498,1.617647059,1.368421053,0.105170903,0.125314641,1,1,NaN,1.472392638,run_aa2,2
302,179,1.290502793,1.423900827,1.44047619,1.157894737,0.092178771,0.101707202,1,1,1,1.292134831,run_aa2,2
303,190,1.057894737,1.422352098,1.096774194,1.020618557,0.07556391,0.101596578,1,1,NaN,1.057894737,run_aa2,2
304,183,1.49726776,1.712508336,1.386138614,1.634146341,0.106947697,0.122322024,1,1,1,1.5,run_aa2,2
305,171,1.49122807,1.617435956,1.586206897,1.392857143,0.106516291,0.11553114,1,1,7,1.458823529,run_aa2,2
306,190,1.236842105,1.574166623,1.071428571,1.413043478,0.088345865,0.112440473,1,1,1,1.238095238,run_aa2,2
307,171,1.298245614,1.518105386,1.269230769,1.343283582,0.09273183,0.108436099,1,1,0,1.305882353,run_aa2,2
308,191,1.376963351,1.523255929,1.521276596,1.237113402,0.098354525,0.108803995,1,1,0,1.384210526,run_aa2,2
309,182,1.362637363,1.479259808,1.358695652,1.366666667,0.09733124,0.105661415,1,1,0,1.370165746,run_aa2,2
310,181,1.281767956,1.438807057,1.29245283,1.266666667,0.091554854,0.102771933,1,1,0,1.288888889,run_aa2,2
311,182,1.423076923,1.635961672,1.540229885,1.315789474,0.101648352,0.116854405,1,1,0,1.430939227,run_aa2,2
312,175,1.24,1.504628873,1.24137931,1.238636364,0.088571429,0.107473491,1,1,0,1.247126437,run_aa2,2
313,193,1.139896373,1.371629957,0.970588235,1.32967033,0.08142117,0.097973568,1,1,0,1.145833333,run_aa2,2
314,177,1.446327684,1.59498524,1.471910112,1.420454545,0.10330912,0.113927517,1,1,0,1.454545455,run_aa2,2
315,174,1.16091954,1.409083359,1.0875,1.223404255,0.082922824,0.100648811,1,1,0,1.167630058,run_aa2,2
316,189,1.35978836,1.475931714,1.412844037,1.2875,0.09712774,0.105423694,1,1,0,1.367021277,run_aa2,2
317,176,1.409090909,1.482363855,1.455555556,1.360465116,0.100649351,0.105883132,1,1,1,1.411428571,run_aa2,2
318,178,1.382022472,1.525716414,1.3125,1.463414634,0.098715891,0.108979744,1,1,0,1.389830508,run_aa2,2
319,195,1.425641026,1.588735792,1.336734694,1.515463918,0.101831502,0.113481128,1,1,2,1.422680412,run_aa2,2
320,180,1.344444444,1.525654808,1.451219512,1.255102041,0.096031746,0.108975343,1,1,2,1.340782123,run_aa2,2
321,192,1.213541667,1.483318749,1.456790123,1.036036036,0.086681548,0.105951339,1,1,1,1.214659686,run_aa2,2
322,193,1.430051813,1.635074061,1.533980583,1.311111111,0.102146558,0.116791004,1,1,1,1.432291667,run_aa2,2
323,185,1.367567568,1.544635537,1.356321839,1.37755102,0.097683398,0.11033111,1,1,0,1.375,run_aa2,2
324,179,1.329608939,1.381159488,1.340659341,1.318181818,0.094972067,0.098654249,1,1,1,1.331460674,run_aa2,2
325,187,1.320855615,1.624325605,1.235955056,1.397959184,0.09434683,0.116023258,1,1,0,1.327956989,run_aa2,2
326,179,1.558659218,1.931603046,1.301075269,1.837209302,0.111332801,0.137971646,1,1,2,1.556179775,run_aa2,2
327,182,1.318681319,1.470739438,1.426966292,1.215053763,0.094191523,0.105052817,1,1,0,1.325966851,run_aa2,2
328,174,1.362068966,1.446921498,1.22826087,1.512195122,0.09729064,0.103351536,1,1,0,1.369942197,run_aa2,2
329,189,1.259259259,1.426005238,1.075471698,1.493975904,0.08994709,0.101857517,1,1,0,1.265957447,run_aa2,2
330,176,1.085227273,1.24607175,1.011111111,1.162790698,0.077516234,0.089005125,1,1,0,1.091428571,run_aa2,2
331,169,1.230769231,1.459778196,1.155339806,1.348484848,0.087912088,0.104269871,1,1,1,1.232142857,run_aa2,2
332,175,1.308571429,1.526277763,1.481481481,1.159574468,0.093469388,0.10901984,1,1,0,1.316091954,run_aa2,2
333,185,1.32972973,1.551448283,1.431578947,1.222222222,0.094980695,0.110817734,1,1,1,1.331521739,run_aa2,2
334,182,1.203296703,1.43645901,1.279069767,1.135416667,0.085949765,0.102604215,1,1,0,1.209944751,run_aa2,2
335,180,1.405555556,1.493738223,1.462365591,1.344827586,0.100396825,0.106695587,1,1,0,1.413407821,run_aa2,2
336,178,1.511235955,1.548605219,1.575757576,1.430379747,0.107945425,0.110614659,1,1,1,1.514124294,run_aa2,2
337,179,1.38547486,1.632538236,1.436170213,1.329411765,0.09896249,0.116609874,1,1,1,1.387640449,run_aa2,2
338,183,1.431693989,1.608521563,1.387096774,1.477777778,0.102263856,0.114894397,1,1,1,1.434065934,run_aa2,2
339,181,1.220994475,1.319006825,1.226190476,1.216494845,0.087213891,0.094214773,1,1,0,1.227777778,run_aa2,2
340,185,1.189189189,1.356102108,1.211764706,1.17,0.084942085,0.096864436,1,1,0,1.195652174,run_aa2,2
341,171,1.426900585,1.556459514,1.56097561,1.303370787,0.10192147,0.11117568,1,1,0,1.435294118,run_aa2,2
342,198,1.383838384,1.8035896,1.461538462,1.317757009,0.098845599,0.128827829,1,1,1,1.385786802,run_aa2,2
343,175,1.434285714,1.577489431,1.522222222,1.341176471,0.10244898,0.112677817,1,1,0,1.442528736,run_aa2,2
344,189,1.465608466,1.712013955,1.712765957,1.221052632,0.104686319,0.122286711,1,1,NaN,1.465608466,run_aa2,2
345,199,1.502512563,1.435039055,1.428571429,1.574257426,0.107322326,0.10250279,1,1,2,1.5,run_aa2,2
346,200,1.43,1.508801648,1.551724138,1.336283186,0.102142857,0.107771546,1,1,0,1.43718593,run_aa2,2
347,213,1.230046948,1.586689474,1.240384615,1.220183486,0.087860496,0.113334962,1,1,0,1.235849057,run_aa2,2
348,227,0.72246696,1.155049358,0.741071429,0.704347826,0.051604783,0.082503526,1,1,4,0.707964602,run_aa2,2
349,223,0,0,0,0,0,0,1,1,0,0,run_aa2,2
350,215,0,0,0,0,0,0,1,1,0,0,run_aa2,2
0,926,0.737580994,1.0940785,0.737819026,0.737373737,0.056737,0.084159885,1,1,NaN,0.737580994,run_aa2,3
1,4,1,1.154700538,1,1,0.076923077,0.088823118,1,1,0,1.333333333,run_aa2,3
2,96,1.15625,1.790784156,1.352941176,0.933333333,0.088942308,0.137752627,1,1,0,1.168421053,run_aa2,3
3,117,1.393162393,1.580905813,1.349206349,1.444444444,0.107166338,0.121608139,1,1,0,1.405172414,run_aa2,3
4,148,1.324324324,1.336134216,1.422535211,1.233766234,0.101871102,0.102779555,1,1,0,1.333333333,run_aa2,3
5,188,1.388297872,1.471029061,1.440860215,1.336842105,0.106792144,0.113156082,1,1,NaN,1.388297872,run_aa2,3
6,193,1.336787565,1.408879594,1.287128713,1.391304348,0.102829813,0.108375353,1,1,NaN,1.336787565,run_aa2,3
7,177,1.293785311,1.575240176,1.072164948,1.5625,0.099521947,0.121172321,1,1,0,1.301136364,run_aa2,3
8,183,1.240437158,1.507163782,1.289156627,1.2,0.095418243,0.115935676,1,1,0,1.247252747,run_aa2,3
9,179,1.329608939,1.425200701,1.41509434,1.205479452,0.102277611,0.109630823,1,1,0,1.337078652,run_aa2,3
10,172,1.11627907,1.458338433,1.195402299,1.035294118,0.085867621,0.112179879,1,1,0,1.122807018,run_aa2,3
11,174,1.224137931,1.584350163,1.293333333,1.171717172,0.094164456,0.121873089,1,1,NaN,1.224137931,run_aa2,3
12,170,1.111764706,1.351913985,1.253333333,1,0.085520362,0.103993383,1,1,1,1.112426036,run_aa2,3
13,185,1.324324324,1.475415455,1.483870968,1.163043478,0.101871102,0.113493497,1,1,0,1.331521739,run_aa2,3
14,183,1.234972678,1.348373409,1.290697674,1.18556701,0.094997898,0.103721031,1,1,NaN,1.234972678,run_aa2,3
15,165,1.163636364,1.164991935,1.305882353,1.0125,0.08951049,0.089614764,1,1,2,1.158536585,run_aa2,3
16,175,1.268571429,1.335581028,1.329268293,1.215053763,0.097582418,0.102737002,1,1,0,1.275862069,run_aa2,3
17,180,1.338888889,1.316690828,1.247058824,1.421052632,0.102991453,0.10128391,1,1,0,1.346368715,run_aa2,3
18,178,1.359550562,1.478640321,1.47826087,1.28440367,0.104580812,0.113741563,1,1,1,1.361581921,run_aa2,3
19,179,1.324022346,1.602678068,1.418367347,1.209876543,0.101847873,0.123282928,1,1,0,1.331460674,run_aa2,3
20,189,1.518518519,1.841000516,1.511904762,1.523809524,0.116809117,0.141615424,1,1,2,1.515957447,run_aa2,3
21,195,1.364102564,1.487315297,1.597826087,1.155339806,0.104930966,0.114408869,1,1,2,1.360824742,run_aa2,3
22,198,1.242424242,1.577705776,1.327102804,1.142857143,0.095571096,0.121361983,1,1,1,1.243654822,run_aa2,3
23,192,1.307291667,1.580095086,1.189473684,1.422680412,0.100560897,0.121545776,1,1,0,1.314136126,run_aa2,3
24,171,1.50877193,1.692086846,1.305882353,1.709302326,0.116059379,0.130160527,1,1,2,1.505882353,run_aa2,3
25,163,1.294478528,1.787931128,1.152941176,1.448717949,0.099575271,0.137533164,1,1,NaN,1.294478528,run_aa2,3
26,156,1.179487179,1.32707381,1.275,1.078947368,0.090729783,0.102082601,1,1,2,1.174193548,run_aa2,3
27,180,1.455555556,1.484829137,1.613333333,1.342857143,0.111965812,0.114217626,1,1,0,1.463687151,run_aa2,3
28,182,1.340659341,1.650178495,1.340909091,1.340425532,0.103127642,0.126936807,1,1,0,1.348066298,run_aa2,3
29,185,1.264864865,1.518046552,1.212121212,1.325581395,0.097297297,0.116772812,1,1,0,1.27173913,run_aa2,3
30,182,1.39010989,1.634067896,1.470588235,1.319587629,0.10693153,0.12569753,1,1,NaN,1.39010989,run_aa2,3
31,183,1.360655738,1.449131459,1.4,1.326530612,0.104665826,0.111471651,1,1,0,1.368131868,run_aa2,3
32,186,1.252688172,1.431543593,1.258064516,1.247311828,0.096360629,0.110118738,1,1,0,1.259459459,run_aa2,3
33,176,1.460227273,1.592341656,1.574712644,1.348314607,0.112325175,0.12248782,1,1,4,1.445714286,run_aa2,3
34,171,1.175438596,1.554380607,1.222222222,1.133333333,0.090418354,0.119567739,1,1,0,1.182352941,run_aa2,3
35,196,1.295918367,1.517144306,1.296703297,1.295238095,0.099686028,0.116703408,1,1,1,1.297435897,run_aa2,3
36,183,1.43715847,1.685470102,1.5,1.381443299,0.110550652,0.129651546,1,1,5,1.417582418,run_aa2,3
37,164,1.298780488,1.478599396,1.451219512,1.146341463,0.099906191,0.113738415,1,1,1,1.300613497,run_aa2,3
38,179,1.312849162,1.4696947,1.416666667,1.242990654,0.100988397,0.113053438,1,1,0,1.320224719,run_aa2,3
39,177,1.429378531,1.687802551,1.443181818,1.415730337,0.109952195,0.129830965,1,1,2,1.426136364,run_aa2,3
40,188,1.345744681,1.606348694,1.453488372,1.254901961,0.103518822,0.123565284,1,1,0,1.352941176,run_aa2,3
41,189,1.28042328,1.5370211,1.208333333,1.35483871,0.098494098,0.118232392,1,1,0,1.287234043,run_aa2,3
42,189,1.238095238,1.361096465,1.305882353,1.182692308,0.095238095,0.104699728,1,1,0,1.244680851,run_aa2,3
43,172,1.197674419,1.473506916,1.153846154,1.24691358,0.092128801,0.113346686,1,1,0,1.204678363,run_aa2,3
44,171,1.350877193,1.477174107,1.318681319,1.3875,0.10391363,0.113628777,1,1,2,1.347058824,run_aa2,3
45,174,1.356321839,1.539289015,1.45,1.276595745,0.104332449,0.118406847,1,1,2,1.352601156,run_aa2,3
46,186,1.494623656,1.82548716,1.34,1.674418605,0.11497105,0.140422089,1,1,0,1.502702703,run_aa2,3
47,186,1.758064516,1.746212741,1.65060241,1.844660194,0.135235732,0.134324057,1,1,2,1.756756757,run_aa2,3
48,198,1.313131313,1.522397686,1.534653465,1.082474227,0.101010101,0.117107514,1,1,3,1.304568528,run_aa2,3
49,194,1.293814433,1.396243252,1.413461538,1.155555556,0.099524187,0.107403327,1,1,2,1.29015544,run_aa2,3
50,189,1.153439153,1.392514686,1.27173913,1.041237113,0.088726089,0.107116514,1,1,0,1.159574468,run_aa2,3
51,161,0.97515528,1.219376432,1.011363636,0.931506849,0.075011945,0.093798187,1,1,0,0.98125,run_aa2,3
52,165,1.284848485,1.396013753,1.294871795,1.275862069,0.098834499,0.107385673,1,1,0,1.292682927,run_aa2,3
53,173,1.439306358,1.688904827,1.604938272,1.293478261,0.110715874,0.129915756,1,1,0,1.447674419,run_aa2,3
54,181,1.26519337,1.463008161,1.288888889,1.241758242,0.097322567,0.112539089,1,1,1,1.266666667,run_aa2,3
55,176,1.482954545,1.592749399,1.473684211,1.49382716,0.114073427,0.122519185,1,1,1,1.485714286,run_aa2,3
56,183,1.245901639,1.474945382,1.218390805,1.270833333,0.095838588,0.113457337,1,1,1,1.247252747,run_aa2,3
57,195,1.358974359,1.497199783,1.494736842,1.23,0.104536489,0.115169214,1,1,1,1.360824742,run_aa2,3
58,189,1.365079365,1.439949622,1.404040404,1.322222222,0.105006105,0.110765356,1,1,0,1.372340426,run_aa2,3
59,175,1.434285714,1.456247511,1.555555556,1.329787234,0.11032967,0.112019039,1,1,0,1.442528736,run_aa2,3
60,176,1.25,1.565703858,1.120481928,1.365591398,0.096153846,0.120438758,1,1,0,1.257142857,run_aa2,3
61,168,1.172619048,1.405707032,1.277777778,1.09375,0.090201465,0.10813131,1,1,1,1.173652695,run_aa2,3
62,166,1.259036145,1.489074241,1.433333333,1.052631579,0.096848934,0.114544172,1,1,1,1.260606061,run_aa2,3
63,172,1.319767442,1.46979887,1.195402299,1.447058824,0.101520572,0.113061452,1,1,0,1.32748538,run_aa2,3
64,173,1.497109827,1.912700141,1.457831325,1.533333333,0.115162294,0.14713078,1,1,0,1.505813953,run_aa2,3
65,187,1.320855615,1.493262041,1.34,1.298850575,0.101604278,0.114866311,1,1,2,1.317204301,run_aa2,3
66,186,1.462365591,1.705692471,1.489361702,1.434782609,0.112489661,0.131207113,1,1,0,1.47027027,run_aa2,3
67,195,1.287179487,1.432174377,1.282828283,1.291666667,0.099013807,0.11016726,1,1,0,1.293814433,run_aa2,3
68,189,1.386243386,1.565594566,1.489361702,1.284210526,0.106634107,0.120430351,1,1,2,1.382978723,run_aa2,3
69,173,1.312138728,1.468950956,1.304347826,1.320987654,0.100933748,0.112996227,1,1,0,1.319767442,run_aa2,3
70,180,1.422222222,1.720580503,1.448979592,1.390243902,0.109401709,0.132352346,1,1,0,1.430167598,run_aa2,3
71,192,1.385416667,1.464196019,1.49,1.27173913,0.106570513,0.112630463,1,1,0,1.392670157,run_aa2,3
72,196,1.346938776,1.440100002,1.471910112,1.242990654,0.103610675,0.110776923,1,1,2,1.343589744,run_aa2,3
73,183,1.153005464,1.401952812,1.220930233,1.092783505,0.088692728,0.107842524,1,1,NaN,1.153005464,run_aa2,3
74,162,1.296296296,1.583646586,1.314606742,1.273972603,0.0997151,0.121818968,1,1,4,1.279503106,run_aa2,3
75,175,1.228571429,1.5403708,1.311111111,1.141176471,0.094505495,0.118490062,1,1,NaN,1.228571429,run_aa2,3
76,150,1.253333333,1.452545401,1.666666667,0.954022989,0.096410256,0.111734262,1,1,0,1.261744966,run_aa2,3
77,174,1.264367816,1.442218667,1.391304348,1.12195122,0.097259063,0.110939897,1,1,1,1.265895954,run_aa2,3
78,188,1.393617021,1.559638551,1.344444444,1.43877551,0.107201309,0.119972196,1,1,0,1.401069519,run_aa2,3
79,180,1.333333333,1.453179908,1.337662338,1.330097087,0.102564103,0.11178307,1,1,0,1.340782123,run_aa2,3
80,184,1.22826087,1.403378133,1.224299065,1.233766234,0.094481605,0.107952164,1,1,0,1.234972678,run_aa2,3
81,192,1.385416667,1.544249876,1.412844037,1.34939759,0.106570513,0.118788452,1,1,0,1.392670157,run_aa2,3
82,179,1.273743017,1.440947317,1.34375,1.192771084,0.097980232,0.110842101,1,1,0,1.280898876,run_aa2,3
83,185,1.340540541,1.517194826,1.208333333,1.483146067,0.103118503,0.116707294,1,1,1,1.342391304,run_aa2,3
84,165,1.248484848,1.372224741,1.229885057,1.269230769,0.096037296,0.105555749,1,1,0,1.256097561,run_aa2,3
85,177,1.192090395,1.417161308,1.296703297,1.081395349,0.091699261,0.109012408,1,1,1,1.193181818,run_aa2,3
86,174,1.229885057,1.452135358,1.151898734,1.294736842,0.094606543,0.11170272,1,1,2,1.225433526,run_aa2,3
87,172,1.284883721,1.436859591,1.172043011,1.417721519,0.098837209,0.110527661,1,1,1,1.286549708,run_aa2,3
88,181,1.314917127,1.511161665,1.419753086,1.23,0.101147471,0.116243205,1,1,0,1.322222222,run_aa2,3
89,175,1.337142857,1.599404651,1.183908046,1.488636364,0.102857143,0.123031127,1,1,3,1.327586207,run_aa2,3
90,174,1.408045977,1.689869057,1.494252874,1.32183908,0.108311229,0.129989927,1,1,1,1.410404624,run_aa2,3
91,189,1.201058201,1.466577628,1.21978022,1.183673469,0.092389092,0.112813664,1,1,0,1.207446809,run_aa2,3
92,185,1.4,1.45288319,1.354166667,1.449438202,0.107692308,0.111760245,1,1,1,1.402173913,run_aa2,3
93,173,1.283236994,1.37486022,1.325301205,1.244444444,0.098710538,0.105758478,1,1,3,1.273255814,run_aa2,3
94,184,1.195652174,1.36096342,1.145833333,1.25,0.091973244,0.104689494,1,1,0,1.202185792,run_aa2,3
95,167,1.143712575,1.341081424,1.113636364,1.17721519,0.08797789,0.10316011,1,1,0,1.15060241,run_aa2,3
96,179,1.497206704,1.726769738,1.5,1.494382022,0.115169746,0.132828441,1,1,0,1.505617978,run_aa2,3
97,184,1.5,1.564636517,1.677083333,1.306818182,0.115384615,0.120356655,1,1,NaN,1.5,run_aa2,3
98,202,1.381188119,1.620221278,1.336956522,1.418181818,0.10624524,0.124632406,1,1,0,1.388059701,run_aa2,3
99,195,1.205128205,1.474516996,1.29,1.115789474,0.09270217,0.113424384,1,1,2,1.201030928,run_aa2,3
100,174,1.114942529,1.320582175,0.973333333,1.222222222,0.08576481,0.101583244,1,1,0,1.121387283,run_aa2,3
101,140,1.464285714,1.739969049,1.53030303,1.405405405,0.112637363,0.133843773,1,1,0,1.474820144,run_aa2,3
102,151,1.21192053,1.349613631,1.255813953,1.153846154,0.093224656,0.103816433,1,1,2,1.206666667,run_aa2,3
103,139,1.071942446,1.283339664,1.055555556,1.089552239,0.082457111,0.098718436,1,1,0,1.079710145,run_aa2,3
104,128,1.0859375,1.479664485,1.015625,1.15625,0.083533654,0.113820345,1,1,0,1.094488189,run_aa2,3
105,104,1.259615385,1.269471202,1.239130435,1.275862069,0.096893491,0.097651631,1,1,0,1.27184466,run_aa2,3
106,105,0.885714286,1.137763374,1.105263158,0.625,0.068131868,0.08752026,1,1,0,0.894230769,run_aa2,3
107,105,1.133333333,1.366260102,1.104166667,1.157894737,0.087179487,0.105096931,1,1,2,1.125,run_aa2,3
108,93,0.956989247,1.092603378,1.177777778,0.75,0.073614557,0.084046414,1,1,2,0.945652174,run_aa2,3
109,76,1.039473684,1.280008224,1.078947368,1,0.079959514,0.098462171,1,1,0,1.053333333,run_aa2,3
110,44,1.022727273,1.266539625,0.941176471,1.074074074,0.078671329,0.097426125,1,1,0,1.046511628,run_aa2,3
111,51,1,1.280624847,1.181818182,0.862068966,0.076923077,0.098509604,1,1,0,1.02,run_aa2,3
112,50,1.1,1.460360593,1.2,1,0.084615385,0.11233543,1,1,2,1.081632653,run_aa2,3
113,55,1.363636364,1.470243572,1.5,1.058823529,0.104895105,0.113095659,1,1,1,1.37037037,run_aa2,3
114,48,1.25,1.577771118,1.535714286,0.85,0.096153846,0.121367009,1,1,1,1.255319149,run_aa2,3
115,52,1.576923077,1.512641552,1.523809524,1.612903226,0.121301775,0.116357042,1,1,2,1.568627451,run_aa2,3
116,46,1.630434783,1.582665763,1.5,1.75,0.12541806,0.12174352,1,1,4,1.577777778,run_aa2,3
117,51,1.117647059,1.38053698,0.965517241,1.318181818,0.085972851,0.106195152,1,1,2,1.1,run_aa2,3
118,44,1.159090909,1.310834668,1,1.24137931,0.089160839,0.100833436,1,1,NaN,1.159090909,run_aa2,3
119,45,1.333333333,1.53741223,1.6875,1.137931034,0.102564103,0.118262479,1,1,1,1.340909091,run_aa2,3
120,50,1.48,1.668923642,1.52173913,1.444444444,0.113846154,0.128378742,1,1,0,1.510204082,run_aa2,3
121,47,0.85106383,1.233212902,1.2,0.454545455,0.065466448,0.094862531,1,1,1,0.847826087,run_aa2,3
122,52,1.211538462,1.376789936,1.304347826,1.137931034,0.093195266,0.105906918,1,1,2,1.196078431,run_aa2,3
123,47,1,1.444630237,0.904761905,1.076923077,0.076923077,0.111125403,1,1,1,1,run_aa2,3
124,47,1.617021277,1.568067094,2.222222222,1.24137931,0.124386252,0.120620546,1,1,4,1.565217391,run_aa2,3
125,40,1.6,1.629849765,1.555555556,1.636363636,0.123076923,0.125373059,1,1,4,1.538461538,run_aa2,3
126,45,1.577777778,1.644396669,1.714285714,1.458333333,0.121367521,0.126492051,1,1,5,1.5,run_aa2,3
127,48,1.479166667,1.529700059,1.730769231,1.181818182,0.113782051,0.117669235,1,1,1,1.489361702,run_aa2,3
128,44,1,1.034295626,1.227272727,0.772727273,0.076923077,0.079561202,1,1,0,1.023255814,run_aa2,3
129,47,1.361702128,1.5523549,1.107142857,1.736842105,0.104746318,0.119411915,1,1,0,1.391304348,run_aa2,3
130,52,1.423076923,1.432756206,1.384615385,1.461538462,0.109467456,0.110212016,1,1,2,1.411764706,run_aa2,3
131,45,1,1.381698559,0.777777778,1.148148148,0.076923077,0.106284505,1,1,0,1.022727273,run_aa2,3
132,41,1.170731707,1.51496599,1.117647059,1.208333333,0.090056285,0.116535845,1,1,0,1.2,run_aa2,3
133,47,1.70212766,2.115315719,2.05,1.444444444,0.130932897,0.162716594,1,1,NaN,1.70212766,run_aa2,3
134,45,1.355555556,1.170771998,1.380952381,1.333333333,0.104273504,0.090059384,1,1,1,1.363636364,run_aa2,3
135,48,1.083333333,1.365740908,1.307692308,0.818181818,0.083333333,0.105056993,1,1,0,1.106382979,run_aa2,3
136,46,1.086956522,1.603137021,0.96,1.238095238,0.08361204,0.123318232,1,1,0,1.111111111,run_aa2,3
137,39,1.205128205,1.196034834,1,1.533333333,0.09270217,0.09200268,1,1,NaN,1.205128205,run_aa2,3
138,39,1,1.256561725,1.166666667,0.857142857,0.076923077,0.096658594,1,1,0,1.026315789,run_aa2,3
139,37,1.243243243,1.299688112,0.909090909,1.733333333,0.095634096,0.099976009,1,1,0,1.277777778,run_aa2,3
140,41,0.975609756,1.193478213,1.045454545,0.894736842,0.075046904,0.091806016,1,1,NaN,0.975609756,run_aa2,3
141,44,0.931818182,1.128854683,1,0.842105263,0.071678322,0.086834976,1,1,0,0.953488372,run_aa2,3
142,45,1.377777778,1.722694624,1.363636364,1.416666667,0.105982906,0.132514971,1,1,8,1.227272727,run_aa2,3
143,42,0.952380952,1.167703206,1,0.894736842,0.073260073,0.089823324,1,1,4,0.87804878,run_aa2,3
144,43,1.23255814,1.151338958,1.444444444,1.08,0.094812165,0.088564535,1,1,2,1.214285714,run_aa2,3
145,49,1.734693878,1.776882924,1.296296296,2.272727273,0.133437991,0.136683302,1,1,4,1.6875,run_aa2,3
146,48,1.25,1.465925022,1.08,1.434782609,0.096153846,0.112763463,1,1,0,1.276595745,run_aa2,3
147,44,1.590909091,1.661019326,1.464285714,1.8125,0.122377622,0.127770717,1,1,4,1.534883721,run_aa2,3
148,41,1.902439024,1.772073334,1.913043478,1.888888889,0.146341463,0.136313333,1,1,3,1.875,run_aa2,3
149,43,1.88372093,1.94213067,2,1.772727273,0.14490161,0.149394667,1,1,2,1.880952381,run_aa2,3
150,38,2.157894737,2.086330229,1.904761905,2.470588235,0.165991903,0.160486941,1,1,0,2.216216216,run_aa2,3
151,84,1.821428571,1.811347859,1.617021277,2.081081081,0.14010989,0.139334451,1,1,0,1.843373494,run_aa2,3
152,110,1.609090909,1.53906593,1.827586207,1.365384615,0.123776224,0.118389687,1,1,0,1.623853211,run_aa2,3
153,128,1.578125,1.723434472,1.8,1.382352941,0.121394231,0.132571882,1,1,2,1.57480315,run_aa2,3
154,138,1.68115942,1.647761176,1.709677419,1.657894737,0.129319955,0.12675086,1,1,4,1.664233577,run_aa2,3
155,141,1.439716312,1.527691042,1.391891892,1.492537313,0.110747409,0.117514696,1,1,0,1.45,run_aa2,3
156,156,1.544871795,1.689981671,1.488372093,1.614285714,0.118836292,0.12999859,1,1,3,1.535483871,run_aa2,3
157,163,1.496932515,1.560999336,1.706666667,1.318181818,0.115148655,0.120076872,1,1,1,1.5,run_aa2,3
158,167,1.359281437,1.587684367,1.371794872,1.348314607,0.104560111,0.122129567,1,1,1,1.361445783,run_aa2,3
159,177,1.514124294,1.679107395,1.470588235,1.554347826,0.1164711,0.129162107,1,1,0,1.522727273,run_aa2,3
160,195,1.425641026,1.55263626,1.515463918,1.336734694,0.109664694,0.119433558,1,1,0,1.432989691,run_aa2,3
161,198,1.136363636,1.56308653,1.091954023,1.171171171,0.087412587,0.120237425,1,1,0,1.14213198,run_aa2,3
162,159,1.34591195,1.43636065,1.25,1.43373494,0.103531688,0.110489281,1,1,0,1.35443038,run_aa2,3
163,171,1.16374269,1.454031322,1.048192771,1.272727273,0.089518668,0.111848563,1,1,5,1.141176471,run_aa2,3
164,181,1.254143646,1.626703197,1.346153846,1.184466019,0.096472588,0.125131015,1,1,1,1.255555556,run_aa2,3
165,172,1.238372093,1.508701359,1.311827957,1.151898734,0.095259392,0.116053951,1,1,0,1.245614035,run_aa2,3
166,174,1.201149425,1.410037859,1.289156627,1.120879121,0.09239611,0.108464451,1,1,0,1.208092486,run_aa2,3
167,169,1.301775148,1.6286305,1.466666667,1.113924051,0.10013655,0.125279269,1,1,0,1.30952381,run_aa2,3
168,175,1.371428571,1.569935102,1.275,1.452631579,0.105494505,0.120764239,1,1,0,1.379310345,run_aa2,3
169,189,1.322751323,1.662016478,1.245098039,1.413793103,0.101750102,0.127847421,1,1,2,1.319148936,run_aa2,3
170,180,1.322222222,1.573721191,1.213483146,1.428571429,0.101709402,0.121055476,1,1,0,1.329608939,run_aa2,3
171,195,1.646153846,1.74772992,1.727272727,1.5625,0.126627219,0.134440763,1,1,0,1.654639175,run_aa2,3
172,191,1.272251309,1.582541148,1.197916667,1.347368421,0.097865485,0.121733934,1,1,1,1.273684211,run_aa2,3
173,186,1.333333333,1.585974563,1.40776699,1.240963855,0.102564103,0.121998043,1,1,0,1.340540541,run_aa2,3
174,176,1.346590909,1.613971065,1.252631579,1.456790123,0.103583916,0.12415162,1,1,0,1.354285714,run_aa2,3
175,176,1.215909091,1.480917581,1.234567901,1.2,0.093531469,0.113916737,1,1,0,1.222857143,run_aa2,3
176,165,1.436363636,1.642762802,1.505263158,1.342857143,0.11048951,0.126366369,1,1,1,1.43902439,run_aa2,3
177,180,1.188888889,1.41337936,1.357894737,1,0.091452991,0.108721489,1,1,1,1.189944134,run_aa2,3
178,187,1.326203209,1.490294054,1.280898876,1.367346939,0.102015631,0.114638004,1,1,0,1.333333333,run_aa2,3
179,185,1.362162162,1.57206444,1.4,1.326315789,0.104781705,0.120928034,1,1,1,1.364130435,run_aa2,3
180,166,1.156626506,1.431099833,1.149425287,1.164556962,0.08897127,0.110084603,1,1,0,1.163636364,run_aa2,3
181,183,1.191256831,1.371423442,1.116504854,1.2875,0.091635141,0.105494111,1,1,0,1.197802198,run_aa2,3
182,182,1.197802198,1.53931735,1.297619048,1.112244898,0.092138631,0.118409027,1,1,NaN,1.197802198,run_aa2,3
183,172,1.226744186,1.494936829,1.384615385,1.095744681,0.094364937,0.114995141,1,1,0,1.233918129,run_aa2,3
184,163,1.552147239,1.528144902,1.534883721,1.571428571,0.119395941,0.117549608,1,1,0,1.561728395,run_aa2,3
185,187,1.438502674,1.451811588,1.292134831,1.571428571,0.110654052,0.111677814,1,1,0,1.446236559,run_aa2,3
186,183,1.229508197,1.334991163,1.380952381,1.101010101,0.094577554,0.102691628,1,1,0,1.236263736,run_aa2,3
187,175,1.234285714,1.380059731,1.351648352,1.107142857,0.094945055,0.106158441,1,1,0,1.24137931,run_aa2,3
188,189,1.222222222,1.29373833,1.471264368,1.009803922,0.094017094,0.099518333,1,1,0,1.228723404,run_aa2,3
189,185,1.12972973,1.295658483,1.104166667,1.157303371,0.086902287,0.099666037,1,1,0,1.135869565,run_aa2,3
190,188,1.494680851,1.416092917,1.347368421,1.64516129,0.11497545,0.108930224,1,1,0,1.502673797,run_aa2,3
191,183,1.300546448,1.415126184,1.333333333,1.264367816,0.100042034,0.10885586,1,1,1,1.302197802,run_aa2,3
192,176,1.454545455,1.555885349,1.303030303,1.649350649,0.111888112,0.119683488,1,1,1,1.457142857,run_aa2,3
193,182,1.247252747,1.587021997,0.977011494,1.494736842,0.095942519,0.122078615,1,1,0,1.254143646,run_aa2,3
194,171,1.298245614,1.521975252,1.195652174,1.417721519,0.099865047,0.117075019,1,1,1,1.3,run_aa2,3
195,191,1.523560209,1.608601843,1.568965517,1.453333333,0.117196939,0.123738603,1,1,1,1.526315789,run_aa2,3
196,188,1.468085106,1.415741356,1.333333333,1.584158416,0.112929624,0.108903181,1,1,2,1.465240642,run_aa2,3
197,190,1.342105263,1.578230135,1.348314607,1.336633663,0.103238866,0.121402318,1,1,1,1.343915344,run_aa2,3
198,175,1.377142857,1.555687695,1.369565217,1.385542169,0.105934066,0.119668284,1,1,0,1.385057471,run_aa2,3
199,183,1.316939891,1.481789619,1.152941176,1.459183673,0.101303069,0.113983817,1,1,0,1.324175824,run_aa2,3
200,183,1.404371585,1.533645558,1.47,1.325301205,0.108028583,0.117972735,1,1,2,1.401098901,run_aa2,3
201,164,1.134146341,1.284759127,1.012820513,1.244186047,0.087242026,0.098827625,1,1,0,1.141104294,run_aa2,3
202,190,1.405263158,1.5966147,1.693181818,1.156862745,0.108097166,0.122816515,1,1,2,1.402116402,run_aa2,3
203,184,1.255434783,1.311976287,1.364583333,1.136363636,0.096571906,0.100921253,1,1,0,1.262295082,run_aa2,3
204,174,1.155172414,1.255762083,1.183673469,1.118421053,0.088859416,0.096597083,1,1,2,1.150289017,run_aa2,3
205,173,1.289017341,1.512638871,1.26744186,1.310344828,0.09915518,0.116356836,1,1,1,1.290697674,run_aa2,3
206,176,1.318181818,1.600324642,1.440860215,1.180722892,0.101398601,0.123101896,1,1,1,1.32,run_aa2,3
207,185,1.372972973,1.530957474,1.361702128,1.384615385,0.105613306,0.11776596,1,1,0,1.380434783,run_aa2,3
208,168,1.154761905,1.388524807,1.21978022,1.077922078,0.088827839,0.106809601,1,1,0,1.161676647,run_aa2,3
209,189,1.44973545,1.739363553,1.56122449,1.32967033,0.111518112,0.133797196,1,1,1,1.45212766,run_aa2,3
210,189,1.121693122,1.305065944,1.16,1.096491228,0.086284086,0.100389688,1,1,0,1.127659574,run_aa2,3
211,175,1.331428571,1.513876699,1.342465753,1.323529412,0.102417582,0.116452054,1,1,1,1.333333333,run_aa2,3
212,177,1.463276836,1.65490198,1.52173913,1.4,0.112559757,0.127300152,1,1,3,1.454545455,run_aa2,3
213,197,1.543147208,1.601789893,1.712871287,1.364583333,0.118703631,0.123214607,1,1,1,1.545918367,run_aa2,3
214,192,1.348958333,1.604345851,1.260869565,1.43,0.103766026,0.123411219,1,1,1,1.35078534,run_aa2,3
215,170,1.235294118,1.448501032,1.316455696,1.164835165,0.095022624,0.111423156,1,1,3,1.224852071,run_aa2,3
216,181,1.26519337,1.504199156,1.455555556,1.076923077,0.097322567,0.115707627,1,1,NaN,1.26519337,run_aa2,3
217,171,1.14619883,1.578057311,1.204819277,1.090909091,0.088169141,0.121389024,1,1,0,1.152941176,run_aa2,3
218,186,1.204301075,1.514321825,1.166666667,1.235294118,0.092638544,0.116486294,1,1,0,1.210810811,run_aa2,3
219,176,1.267045455,1.571984848,1.344444444,1.186046512,0.097465035,0.120921911,1,1,1,1.268571429,run_aa2,3
220,180,1.488888889,1.741664551,1.5,1.481481481,0.114529915,0.133974196,1,1,3,1.480446927,run_aa2,3
221,194,1.412371134,1.504759822,1.207920792,1.634408602,0.108643933,0.115750756,1,1,1,1.414507772,run_aa2,3
222,193,1.196891192,1.46222956,1.268817204,1.13,0.092068553,0.112479197,1,1,0,1.203125,run_aa2,3
223,189,1.386243386,1.605847415,1.454545455,1.326732673,0.106634107,0.123526724,1,1,1,1.388297872,run_aa2,3
224,168,1.398809524,1.345384129,1.511627907,1.280487805,0.107600733,0.103491087,1,1,0,1.407185629,run_aa2,3
225,178,1.235955056,1.418381921,1.234567901,1.237113402,0.095073466,0.109106302,1,1,1,1.237288136,run_aa2,3
226,177,1.316384181,1.446552496,1.40625,1.209876543,0.101260322,0.111273269,1,1,0,1.323863636,run_aa2,3
227,177,1.101694915,1.563376103,1.069767442,1.131868132,0.084745763,0.1202597,1,1,0,1.107954545,run_aa2,3
228,174,1.356321839,1.489671659,1.318681319,1.397590361,0.104332449,0.114590128,1,1,0,1.36416185,run_aa2,3
229,172,1.284883721,1.272839754,1.279069767,1.290697674,0.098837209,0.09791075,1,1,1,1.286549708,run_aa2,3
230,175,1.194285714,1.511249551,1.174418605,1.213483146,0.091868132,0.116249965,1,1,0,1.201149425,run_aa2,3
231,179,1.251396648,1.539165013,1.021505376,1.5,0.096261281,0.118397309,1,1,0,1.258426966,run_aa2,3
232,173,1.341040462,1.503636315,1.352941176,1.329545455,0.103156959,0.115664332,1,1,1,1.343023256,run_aa2,3
233,188,1.430851064,1.59226248,1.295918367,1.577777778,0.110065466,0.122481729,1,1,2,1.427807487,run_aa2,3
234,184,1.320652174,1.500603743,1.298969072,1.344827586,0.101588629,0.115431057,1,1,10,1.273224044,run_aa2,3
235,179,1.391061453,1.619102433,1.376344086,1.406976744,0.107004727,0.124546341,1,1,1,1.393258427,run_aa2,3
236,183,1.224043716,1.467250939,1.344086022,1.1,0.094157209,0.112865457,1,1,1,1.225274725,run_aa2,3
237,185,1.362162162,1.57206444,1.488095238,1.257425743,0.104781705,0.120928034,1,1,1,1.364130435,run_aa2,3
238,178,1.213483146,1.348545231,1.315789474,1.137254902,0.093344857,0.103734249,1,1,2,1.209039548,run_aa2,3
239,169,1.00591716,1.231999157,1.0875,0.93258427,0.077378243,0.094769166,1,1,0,1.011904762,run_aa2,3
240,176,1.295454545,1.539269518,1.3,1.291666667,0.09965035,0.118405348,1,1,NaN,1.295454545,run_aa2,3
241,169,1.106508876,1.327553335,1.265822785,0.966666667,0.085116067,0.102119487,1,1,0,1.113095238,run_aa2,3
242,187,1.390374332,1.633820435,1.404761905,1.378640777,0.106951872,0.125678495,1,1,0,1.397849462,run_aa2,3
243,165,1.490909091,1.720104158,1.764705882,1.2,0.114685315,0.132315704,1,1,0,1.5,run_aa2,3
244,184,1.407608696,1.575823746,1.467391304,1.347826087,0.108277592,0.121217211,1,1,1,1.409836066,run_aa2,3
245,173,1.289017341,1.535527205,1.411764706,1.170454545,0.09915518,0.118117477,1,1,2,1.284883721,run_aa2,3
246,199,1.396984925,1.452337355,1.362745098,1.432989691,0.107460379,0.111718258,1,1,3,1.388888889,run_aa2,3
247,202,1.534653465,1.564941507,1.509803922,1.56,0.118050267,0.120380116,1,1,1,1.537313433,run_aa2,3
248,184,1.304347826,1.303539783,1.385416667,1.215909091,0.100334448,0.100272291,1,1,2,1.300546448,run_aa2,3
249,176,1.176136364,1.355496267,1.166666667,1.182692308,0.090472028,0.104268944,1,1,0,1.182857143,run_aa2,3
250,178,1.235955056,1.48455302,1.213592233,1.266666667,0.095073466,0.114196386,1,1,1,1.237288136,run_aa2,3
251,168,1.363095238,1.58369535,1.326315789,1.410958904,0.10485348,0.121822719,1,1,0,1.371257485,run_aa2,3
252,174,1.206896552,1.502506046,1.306818182,1.104651163,0.092838196,0.115577388,1,1,0,1.213872832,run_aa2,3
253,178,1.286516854,1.450477499,1.351648352,1.218390805,0.098962835,0.111575192,1,1,0,1.293785311,run_aa2,3
254,180,1.183333333,1.388198463,1.091954023,1.268817204,0.091025641,0.106784497,1,1,0,1.189944134,run_aa2,3
255,175,1.257142857,1.468889195,1.292682927,1.225806452,0.096703297,0.112991477,1,1,1,1.25862069,run_aa2,3
256,181,1.453038674,1.582632878,1.379310345,1.521276596,0.111772206,0.121740991,1,1,0,1.461111111,run_aa2,3
257,175,1.177142857,1.384455101,1.256410256,1.113402062,0.090549451,0.106496546,1,1,0,1.183908046,run_aa2,3
258,180,1.144444444,1.453649702,1.170731707,1.12244898,0.088034188,0.111819208,1,1,0,1.150837989,run_aa2,3
259,189,1.338624339,1.455598222,1.35106383,1.326315789,0.102971103,0.111969094,1,1,2,1.335106383,run_aa2,3
260,182,1.456043956,1.606527348,1.369565217,1.544444444,0.112003381,0.123579027,1,1,2,1.453038674,run_aa2,3
261,184,1.298913043,1.582969097,1.298850575,1.298969072,0.099916388,0.121766854,1,1,0,1.306010929,run_aa2,3
262,184,1.402173913,1.873366874,1.256756757,1.5,0.107859532,0.144105144,1,1,1,1.404371585,run_aa2,3
263,168,1.333333333,1.404299074,1.476744186,1.182926829,0.102564103,0.108023006,1,1,3,1.323353293,run_aa2,3
264,186,1.123655914,1.323704699,1.410958904,0.938053097,0.08643507,0.101823438,1,1,0,1.12972973,run_aa2,3
265,188,1.319148936,1.485853189,1.482758621,1.178217822,0.101472995,0.114296399,1,1,1,1.320855615,run_aa2,3
266,172,1.488372093,1.718452902,1.432835821,1.523809524,0.114490161,0.132188685,1,1,1,1.49122807,run_aa2,3
267,175,1.205714286,1.370028705,1.134020619,1.294871795,0.092747253,0.105386823,1,1,3,1.195402299,run_aa2,3
268,178,1.280898876,1.365339833,1.431818182,1.133333333,0.098530683,0.105026141,1,1,0,1.288135593,run_aa2,3
269,175,1.451428571,1.589001607,1.265957447,1.666666667,0.111648352,0.122230893,1,1,1,1.454022989,run_aa2,3
270,178,1.196629213,1.473145636,1.3125,1.06097561,0.092048401,0.113318895,1,1,NaN,1.196629213,run_aa2,3
271,183,1.448087432,1.652930848,1.779069767,1.154639175,0.111391341,0.127148527,1,1,0,1.456043956,run_aa2,3
272,195,1.471794872,1.486355246,1.528089888,1.424528302,0.11321499,0.114335019,1,1,2,1.469072165,run_aa2,3
273,199,1.407035176,1.654547072,1.428571429,1.386138614,0.108233475,0.127272852,1,1,0,1.414141414,run_aa2,3
274,173,1.219653179,1.37598417,1.268292683,1.175824176,0.093819475,0.105844936,1,1,0,1.226744186,run_aa2,3
275,174,1.183908046,1.351759595,1.397260274,1.02970297,0.09106985,0.103981507,1,1,3,1.173410405,run_aa2,3
276,180,1.305555556,1.641287212,1.364583333,1.238095238,0.10042735,0.126252862,1,1,0,1.312849162,run_aa2,3
277,171,1.257309942,1.488541257,1.298850575,1.214285714,0.096716149,0.114503174,1,1,NaN,1.257309942,run_aa2,3
278,176,1.306818182,1.404954129,1.573333333,1.108910891,0.100524476,0.108073395,1,1,0,1.314285714,run_aa2,3
279,182,1.285714286,1.578765965,1.444444444,1.158415842,0.098901099,0.121443536,1,1,1,1.287292818,run_aa2,3
280,171,1.087719298,1.446464677,0.901408451,1.22,0.083670715,0.111266514,1,1,1,1.088235294,run_aa2,3
281,182,1.28021978,1.563938913,1.323232323,1.228915663,0.098478445,0.120302993,1,1,2,1.276243094,run_aa2,3
282,180,1.155555556,1.516472761,1.023809524,1.270833333,0.088888889,0.116651751,1,1,0,1.162011173,run_aa2,3
283,177,1.389830508,1.742030057,1.417582418,1.360465116,0.106910039,0.134002312,1,1,NaN,1.389830508,run_aa2,3
284,177,1.09039548,1.466585537,1.255555556,0.91954023,0.083876575,0.112814272,1,1,2,1.085227273,run_aa2,3
285,183,1.393442623,1.620053132,1.426966292,1.361702128,0.107187894,0.124619472,1,1,0,1.401098901,run_aa2,3
286,185,1.227027027,1.453004505,0.966292135,1.46875,0.094386694,0.111769577,1,1,0,1.233695652,run_aa2,3
287,169,1.272189349,1.308123178,1.358024691,1.193181818,0.097860719,0.10062486,1,1,0,1.279761905,run_aa2,3
288,188,1.345744681,1.437702036,1.357142857,1.333333333,0.103518822,0.110592464,1,1,NaN,1.345744681,run_aa2,3
289,178,1.252808989,1.433307572,1.355263158,1.176470588,0.096369922,0.110254429,1,1,1,1.254237288,run_aa2,3
290,171,1.169590643,1.363563393,1.357142857,0.988505747,0.089968511,0.104889492,1,1,0,1.176470588,run_aa2,3
291,178,1.325842697,1.494058144,1.55952381,1.117021277,0.1019879,0.11492755,1,1,0,1.333333333,run_aa2,3
292,177,1.225988701,1.49042484,1.220930233,1.230769231,0.094306823,0.114648065,1,1,0,1.232954545,run_aa2,3
293,182,1.39010989,1.489006116,1.5,1.295918367,0.10693153,0.114538932,1,1,2,1.386740331,run_aa2,3
294,176,1.3125,1.679817167,1.613333333,1.089108911,0.100961538,0.129216705,1,1,0,1.32,run_aa2,3
295,180,1.344444444,1.496073902,1.362637363,1.325842697,0.103418803,0.115082608,1,1,0,1.351955307,run_aa2,3
296,195,1.364102564,1.654654039,1.548387097,1.196078431,0.104930966,0.12728108,1,1,0,1.371134021,run_aa2,3
297,194,1.396907216,1.574469471,1.425925926,1.360465116,0.107454401,0.121113036,1,1,0,1.404145078,run_aa2,3
298,190,1.668421053,1.760997983,1.595505618,1.732673267,0.128340081,0.135461383,1,1,2,1.666666667,run_aa2,3
299,172,1.168604651,1.333575559,1.310344828,1.023529412,0.089892665,0.102582735,1,1,0,1.175438596,run_aa2,3
300,173,1.028901734,1.1072055,1.173469388,0.84,0.079146287,0.085169654,1,1,1,1.029069767,run_aa2,3
301,175,1.182857143,1.450621293,1.202247191,1.162790698,0.090989011,0.111586253,1,1,0,1.189655172,run_aa2,3
302,174,1.264367816,1.49341344,1.207317073,1.315217391,0.097259063,0.114877957,1,1,2,1.260115607,run_aa2,3
303,180,1.266666667,1.384672682,1.442105263,1.070588235,0.097435897,0.106513283,1,1,3,1.25698324,run_aa2,3
304,181,1.243093923,1.447802679,1.282608696,1.202247191,0.095622609,0.111369437,1,1,2,1.238888889,run_aa2,3
305,181,1.220994475,1.356384535,1.454545455,1,0.093922652,0.104337272,1,1,5,1.2,run_aa2,3
306,162,1.487654321,1.533224809,1.341463415,1.6375,0.114434948,0.11794037,1,1,1,1.49068323,run_aa2,3
307,184,1.565217391,1.713363406,1.58,1.547619048,0.120401338,0.131797185,1,1,0,1.573770492,run_aa2,3
308,191,1.403141361,1.5423122,1.196428571,1.696202532,0.107933951,0.1186394,1,1,0,1.410526316,run_aa2,3
309,187,1.347593583,1.682302597,1.206185567,1.5,0.103661045,0.129407892,1,1,2,1.344086022,run_aa2,3
310,180,1.077777778,1.392138966,0.965517241,1.182795699,0.082905983,0.107087613,1,1,0,1.083798883,run_aa2,3
311,174,1.41954023,1.837901485,1.339805825,1.535211268,0.109195402,0.141377037,1,1,2,1.416184971,run_aa2,3
312,181,1.154696133,1.425304077,1.188888889,1.120879121,0.088822779,0.109638775,1,1,1,1.155555556,run_aa2,3
313,185,1.318918919,1.489426107,1.594936709,1.113207547,0.101455301,0.114571239,1,1,1,1.320652174,run_aa2,3
314,184,1.309782609,1.59463306,1.223529412,1.383838384,0.100752508,0.122664082,1,1,3,1.300546448,run_aa2,3
315,190,1.242105263,1.513367523,1.184782609,1.295918367,0.095546559,0.116412886,1,1,0,1.248677249,run_aa2,3
316,164,1.213414634,1.529927397,1.225,1.202380952,0.093339587,0.117686723,1,1,3,1.202453988,run_aa2,3
317,173,1.25433526,1.48404156,1.256097561,1.252747253,0.096487328,0.114157043,1,1,0,1.261627907,run_aa2,3
318,181,1.259668508,1.439127012,1.49382716,1.07,0.096897578,0.110702078,1,1,1,1.261111111,run_aa2,3
319,182,1.483516484,1.745476473,1.435294118,1.525773196,0.114116653,0.134267421,1,1,0,1.491712707,run_aa2,3
320,186,1.586021505,1.697571645,1.521276596,1.652173913,0.122001654,0.130582434,1,1,5,1.567567568,run_aa2,3
321,169,1.639053254,1.740590774,1.674698795,1.604651163,0.12608102,0.133891598,1,1,3,1.630952381,run_aa2,3
322,188,1.393617021,1.445761536,1.457142857,1.313253012,0.107201309,0.111212426,1,1,0,1.401069519,run_aa2,3
323,184,1.081521739,1.30525875,1.317647059,0.878787879,0.08319398,0.100404519,1,1,1,1.081967213,run_aa2,3
324,181,1.298342541,1.486774104,1.411111111,1.186813187,0.099872503,0.114367239,1,1,3,1.288888889,run_aa2,3
325,170,1.170588235,1.45556053,1.135802469,1.202247191,0.090045249,0.111966195,1,1,2,1.165680473,run_aa2,3
326,163,1.331288344,1.559737295,1.451219512,1.209876543,0.102406796,0.119979792,1,1,1,1.333333333,run_aa2,3
327,181,1.370165746,1.468557295,1.326315789,1.418604651,0.105397365,0.112965946,1,1,1,1.372222222,run_aa2,3
328,180,1.283333333,1.379316485,1.380434783,1.181818182,0.098717949,0.106101268,1,1,0,1.290502793,run_aa2,3
329,181,1.303867403,1.480028702,1.361445783,1.255102041,0.100297493,0.113848362,1,1,1,1.305555556,run_aa2,3
330,186,1.505376344,1.58112964,1.572916667,1.433333333,0.11579818,0.121625357,1,1,2,1.502702703,run_aa2,3
331,177,1.11299435,1.372911871,1.297619048,0.946236559,0.08561495,0.105608605,1,1,3,1.102272727,run_aa2,3
332,178,1.235955056,1.414393099,1.175257732,1.308641975,0.095073466,0.108799469,1,1,0,1.242937853,run_aa2,3
333,185,1.372972973,1.527403425,1.304347826,1.440860215,0.105613306,0.117492571,1,1,0,1.380434783,run_aa2,3
334,179,1.340782123,1.46918209,1.363636364,1.318681319,0.103137086,0.113014007,1,1,0,1.348314607,run_aa2,3
335,163,1.134969325,1.326442087,1.341463415,0.925925926,0.087305333,0.102034007,1,1,1,1.135802469,run_aa2,3
336,169,1.437869822,1.599102488,1.303370787,1.5875,0.110605371,0.123007884,1,1,0,1.446428571,run_aa2,3
337,182,1.241758242,1.401188598,1.213483146,1.268817204,0.095519865,0.107783738,1,1,0,1.248618785,run_aa2,3
338,176,1.346590909,1.603314343,1.292134831,1.402298851,0.103583916,0.123331873,1,1,2,1.342857143,run_aa2,3
339,179,1.296089385,1.486469429,1.243589744,1.336633663,0.099699183,0.114343802,1,1,0,1.303370787,run_aa2,3
340,189,1.216931217,1.588030059,1.352272727,1.099009901,0.093610094,0.122156158,1,1,NaN,1.216931217,run_aa2,3
341,185,1.383783784,1.459137907,1.38372093,1.383838384,0.106444906,0.112241377,1,1,0,1.391304348,run_aa2,3
342,191,1.54973822,1.71568229,1.5,1.6,0.119210632,0.131975561,1,1,4,1.536842105,run_aa2,3
343,174,1.103448276,1.418576041,1.292682927,0.934782609,0.084880637,0.109121234,1,1,2,1.098265896,run_aa2,3
344,163,1.601226994,1.783116558,1.564705882,1.641025641,0.123171307,0.137162812,1,1,1,1.604938272,run_aa2,3
345,178,1.58988764,2.040634937,1.555555556,1.613207547,0.122299049,0.156971918,1,1,1,1.593220339,run_aa2,3
346,197,1.654822335,1.838544121,1.705263158,1.607843137,0.127294026,0.141426471,1,1,5,1.637755102,run_aa2,3
347,219,1.095890411,1.457323016,1.265306122,0.958677686,0.084299262,0.11210177,1,1,0,1.100917431,run_aa2,3
348,231,0.640692641,1.232137572,0.699029126,0.59375,0.049284049,0.094779813,1,1,1,0.639130435,run_aa2,3
349,226,0,0,0,0,0,0,1,1,0,0,run_aa2,3
350,230,0,0,0,0,0,0,1,1,0,0,run_aa2,3
0,918,0.701525054,1.064043985,0.648373984,0.762910798,0.058460421,0.088670332,1,1,NaN,0.701525054,run_aa2,4
1,5,0.6,0.894427191,0.5,0.666666667,0.05,0.074535599,1,1,2,0.25,run_aa2,4
2,84,1.130952381,1.29670353,1.2,1.051282051,0.094246032,0.108058628,1,1,0,1.144578313,run_aa2,4
3,126,1.365079365,1.406289726,1.241935484,1.484375,0.113756614,0.117190811,1,1,0,1.376,run_aa2,4
4,157,1.23566879,1.286717785,1.364705882,1.083333333,0.102972399,0.107226482,1,1,0,1.243589744,run_aa2,4
5,171,1.356725146,1.517040009,1.505376344,1.179487179,0.113060429,0.126420001,1,1,0,1.364705882,run_aa2,4
6,176,1.392045455,1.488909215,1.293333333,1.465346535,0.116003788,0.124075768,1,1,1,1.394285714,run_aa2,4
7,181,1.331491713,1.42616521,1.435294118,1.239583333,0.110957643,0.118847101,1,1,0,1.338888889,run_aa2,4
8,195,1.102564103,1.323749591,1.101010101,1.104166667,0.091880342,0.110312466,1,1,0,1.108247423,run_aa2,4
9,182,1.532967033,1.779723422,1.462264151,1.631578947,0.127747253,0.148310285,1,1,0,1.541436464,run_aa2,4
10,181,1.303867403,1.524407522,1.691358025,0.99,0.108655617,0.12703396,1,1,NaN,1.303867403,run_aa2,4
11,175,1.308571429,1.367389372,1.384615385,1.24742268,0.109047619,0.113949114,1,1,1,1.310344828,run_aa2,4
12,181,1.497237569,1.734052125,1.588888889,1.406593407,0.124769797,0.144504344,1,1,0,1.505555556,run_aa2,4
13,175,1.297142857,1.394876857,1.395348837,1.202247191,0.108095238,0.116239738,1,1,0,1.304597701,run_aa2,4
14,178,1.325842697,1.40439408,1.337349398,1.315789474,0.110486891,0.11703284,1,1,2,1.322033898,run_aa2,4
15,190,1.1,1.449502743,1.072289157,1.121495327,0.091666667,0.120791895,1,1,0,1.105820106,run_aa2,4
16,184,1.385869565,1.601916988,1.449438202,1.326315789,0.11548913,0.133493082,1,1,NaN,1.385869565,run_aa2,4
17,179,1.30726257,1.438047519,1.464285714,1.168421053,0.108938547,0.119837293,1,1,1,1.308988764,run_aa2,4
18,180,1.305555556,1.711274549,1.318181818,1.293478261,0.108796296,0.142606212,1,1,1,1.30726257,run_aa2,4
19,170,1.088235294,1.336064322,1.261904762,0.918604651,0.090686275,0.111338694,1,1,1,1.088757396,run_aa2,4
20,189,1.37037037,1.594662097,1.361445783,1.377358491,0.114197531,0.132888508,1,1,2,1.367021277,run_aa2,4
21,174,1.436781609,1.444152246,1.494382022,1.376470588,0.119731801,0.12034602,1,1,0,1.445086705,run_aa2,4
22,183,1.56284153,1.524574022,1.591397849,1.533333333,0.130236794,0.127047835,1,1,2,1.56043956,run_aa2,4
23,187,1.443850267,1.620036552,1.469879518,1.423076923,0.120320856,0.135003046,1,1,0,1.451612903,run_aa2,4
24,183,1.338797814,1.36074183,1.274509804,1.419753086,0.111566485,0.113395152,1,1,0,1.346153846,run_aa2,4
25,193,1.248704663,1.513932132,1.317307692,1.168539326,0.104058722,0.126161011,1,1,0,1.255208333,run_aa2,4
26,164,1.243902439,1.414742497,1.395061728,1.096385542,0.103658537,0.117895208,1,1,2,1.239263804,run_aa2,4
27,171,1.362573099,1.64767299,1.481927711,1.25,0.113547758,0.137306082,1,1,1,1.364705882,run_aa2,4
28,177,1.293785311,1.523906396,1.223404255,1.373493976,0.107815443,0.1269922,1,1,0,1.301136364,run_aa2,4
29,175,1.44,1.700439429,1.619047619,1.274725275,0.12,0.141703286,1,1,0,1.448275862,run_aa2,4
30,182,1.302197802,1.491002705,1.4,1.216494845,0.108516484,0.124250225,1,1,5,1.281767956,run_aa2,4
31,178,1.269662921,1.589258043,1.388235294,1.161290323,0.105805243,0.13243817,1,1,NaN,1.269662921,run_aa2,4
32,201,1.189054726,1.343160304,1.259615385,1.113402062,0.099087894,0.111930025,1,1,0,1.195,run_aa2,4
33,177,1.384180791,1.492168393,1.340206186,1.4375,0.115348399,0.124347366,1,1,2,1.380681818,run_aa2,4
34,174,1.264367816,1.535399405,1.215909091,1.313953488,0.105363985,0.12794995,1,1,5,1.242774566,run_aa2,4
35,187,1.352941176,1.478712536,1.49,1.195402299,0.112745098,0.123226045,1,1,0,1.360215054,run_aa2,4
36,178,1.213483146,1.385737766,1.2875,1.153061224,0.101123596,0.115478147,1,1,0,1.220338983,run_aa2,4
37,174,1.471264368,1.742624958,1.513157895,1.43877551,0.122605364,0.145218747,1,1,3,1.462427746,run_aa2,4
38,179,1.268156425,1.436147491,1.38028169,1.194444444,0.105679702,0.119678958,1,1,1,1.269662921,run_aa2,4
39,193,1.352331606,1.503540008,1.418367347,1.284210526,0.112694301,0.125295001,1,1,0,1.359375,run_aa2,4
40,161,1.397515528,1.621263023,1.469879518,1.320512821,0.116459627,0.135105252,1,1,1,1.4,run_aa2,4
41,190,1.384210526,1.385779309,1.294117647,1.488636364,0.115350877,0.115481609,1,1,0,1.391534392,run_aa2,4
42,184,1.364130435,1.472151804,1.337209302,1.387755102,0.113677536,0.122679317,1,1,0,1.371584699,run_aa2,4
43,184,1.60326087,1.612854855,1.755319149,1.444444444,0.133605072,0.134404571,1,1,1,1.606557377,run_aa2,4
44,182,1.357142857,1.565839958,1.470588235,1.257731959,0.113095238,0.130486663,1,1,1,1.359116022,run_aa2,4
45,179,1.329608939,1.549833396,1.529411765,1.14893617,0.110800745,0.129152783,1,1,0,1.337078652,run_aa2,4
46,189,1.35978836,1.405790441,1.25,1.47311828,0.113315697,0.117149203,1,1,0,1.367021277,run_aa2,4
47,191,1.366492147,1.606476284,1.476190476,1.23255814,0.113874346,0.133873024,1,1,0,1.373684211,run_aa2,4
48,183,1.644808743,1.757108902,1.620689655,1.666666667,0.137067395,0.146425742,1,1,1,1.648351648,run_aa2,4
49,185,1.4,1.853903051,1.290697674,1.494949495,0.116666667,0.154491921,1,1,0,1.407608696,run_aa2,4
50,192,1.177083333,1.447111524,1.111111111,1.235294118,0.098090278,0.120592627,1,1,0,1.183246073,run_aa2,4
51,164,1.134146341,1.450721801,1.264367816,0.987012987,0.094512195,0.120893483,1,1,0,1.141104294,run_aa2,4
52,172,1.302325581,1.483395563,1.413333333,1.216494845,0.108527132,0.123616297,1,1,3,1.292397661,run_aa2,4
53,167,1.203592814,1.527021363,1.246575342,1.170212766,0.100299401,0.12725178,1,1,0,1.210843373,run_aa2,4
54,177,1.305084746,1.612320152,1.388235294,1.22826087,0.108757062,0.134360013,1,1,1,1.306818182,run_aa2,4
55,185,1.151351351,1.4628779,1.081632653,1.229885057,0.095945946,0.121906492,1,1,1,1.152173913,run_aa2,4
56,171,1.514619883,1.685078896,1.477777778,1.555555556,0.126218324,0.140423241,1,1,6,1.488235294,run_aa2,4
57,168,1.202380952,1.462339704,1.278481013,1.134831461,0.100198413,0.121861642,1,1,1,1.203592814,run_aa2,4
58,183,1.306010929,1.552848124,1.119565217,1.494505495,0.108834244,0.12940401,1,1,0,1.313186813,run_aa2,4
59,184,1.282608696,1.499188028,1.333333333,1.237113402,0.106884058,0.124932336,1,1,1,1.284153005,run_aa2,4
60,172,1.255813953,1.480367005,1.321428571,1.193181818,0.104651163,0.123363917,1,1,1,1.257309942,run_aa2,4
61,164,1.231707317,1.509062851,1.060240964,1.407407407,0.102642276,0.125755238,1,1,NaN,1.231707317,run_aa2,4
62,180,1.283333333,1.391414216,1.102803738,1.547945205,0.106944444,0.115951185,1,1,2,1.279329609,run_aa2,4
63,180,1.261111111,1.34273917,1.265486726,1.253731343,0.105092593,0.111894931,1,1,2,1.25698324,run_aa2,4
64,195,1.317948718,1.425625526,1.266666667,1.377777778,0.10982906,0.118802127,1,1,2,1.31443299,run_aa2,4
65,167,1.461077844,1.47161293,1.558139535,1.358024691,0.121756487,0.122634411,1,1,0,1.469879518,run_aa2,4
66,186,1.403225806,1.567849387,1.717171717,1.045977011,0.116935484,0.130654116,1,1,1,1.405405405,run_aa2,4
67,186,1.23655914,1.39417979,1.204819277,1.262135922,0.103046595,0.116181649,1,1,0,1.243243243,run_aa2,4
68,186,1.268817204,1.415281731,1.252631579,1.285714286,0.105734767,0.117940144,1,1,0,1.275675676,run_aa2,4
69,179,1.424581006,1.624482361,1.321428571,1.515789474,0.118715084,0.13537353,1,1,1,1.426966292,run_aa2,4
70,178,1.494382022,1.598895067,1.56626506,1.431578947,0.124531835,0.133241256,1,1,1,1.497175141,run_aa2,4
71,189,1.248677249,1.569849175,1.359223301,1.11627907,0.104056437,0.130820765,1,1,0,1.255319149,run_aa2,4
72,194,1.505154639,1.740250184,1.36,1.659574468,0.125429553,0.145020849,1,1,4,1.492227979,run_aa2,4
73,186,1.403225806,1.615395633,1.484536082,1.314606742,0.116935484,0.134616303,1,1,0,1.410810811,run_aa2,4
74,181,1.298342541,1.345547189,1.4125,1.207920792,0.108195212,0.112128932,1,1,0,1.305555556,run_aa2,4
75,180,1.227777778,1.361196301,1.384615385,1.06741573,0.102314815,0.113433025,1,1,1,1.229050279,run_aa2,4
76,169,1.461538462,1.484042099,1.777777778,1.226804124,0.121794872,0.123670175,1,1,2,1.458333333,run_aa2,4
77,195,1.328205128,1.466103033,1.22,1.442105263,0.110683761,0.122175253,1,1,0,1.335051546,run_aa2,4
78,179,1.430167598,1.561253269,1.385542169,1.46875,0.119180633,0.130104439,1,1,0,1.438202247,run_aa2,4
79,165,1.084848485,1.251370276,1.151162791,1.012658228,0.09040404,0.104280856,1,1,1,1.085365854,run_aa2,4
80,180,1.166666667,1.270639658,1.161616162,1.172839506,0.097222222,0.105886638,1,1,0,1.173184358,run_aa2,4
81,180,1.338888889,1.502935262,1.222222222,1.455555556,0.111574074,0.125244605,1,1,0,1.346368715,run_aa2,4
82,168,1.303571429,1.361396468,1.279569892,1.333333333,0.108630952,0.113449706,1,1,2,1.299401198,run_aa2,4
83,192,1.369791667,1.494746107,1.216494845,1.526315789,0.114149306,0.124562176,1,1,2,1.366492147,run_aa2,4
84,181,1.259668508,1.528971296,1.32,1.185185185,0.104972376,0.127414275,1,1,1,1.261111111,run_aa2,4
85,184,1.326086957,1.633720456,1.146067416,1.494736842,0.110507246,0.136143371,1,1,1,1.327868852,run_aa2,4
86,177,1.333333333,1.611981653,1.40625,1.24691358,0.111111111,0.134331804,1,1,1,1.335227273,run_aa2,4
87,188,1.239361702,1.495498993,1.361702128,1.117021277,0.103280142,0.124624916,1,1,1,1.240641711,run_aa2,4
88,174,1.252873563,1.522231332,1.289473684,1.224489796,0.10440613,0.126852611,1,1,2,1.248554913,run_aa2,4
89,167,0.850299401,1.122758772,0.946236559,0.72972973,0.070858283,0.093563231,1,1,0,0.855421687,run_aa2,4
90,176,1.318181818,1.398329244,1.329268293,1.308510638,0.109848485,0.116527437,1,1,0,1.325714286,run_aa2,4
91,172,1.488372093,1.580170885,1.476744186,1.5,0.124031008,0.131680907,1,1,0,1.497076023,run_aa2,4
92,179,1.480446927,1.65692548,1.420560748,1.569444444,0.123370577,0.138077123,1,1,1,1.483146067,run_aa2,4
93,197,1.436548223,1.62953739,1.152173913,1.685714286,0.119712352,0.135794783,1,1,2,1.433673469,run_aa2,4
94,173,1.393063584,1.672749575,1.318181818,1.470588235,0.116088632,0.139395798,1,1,0,1.401162791,run_aa2,4
95,178,1.353932584,1.678549022,1.186813187,1.528735632,0.112827715,0.139879085,1,1,2,1.350282486,run_aa2,4
96,194,1.237113402,1.528812712,1.247524752,1.225806452,0.103092784,0.127401059,1,1,0,1.243523316,run_aa2,4
97,198,1.252525253,1.423825079,1.215686275,1.291666667,0.104377104,0.11865209,1,1,2,1.248730964,run_aa2,4
98,182,1.258241758,1.318928574,1.203883495,1.329113924,0.10485348,0.109910714,1,1,3,1.248618785,run_aa2,4
99,174,1.304597701,1.301080746,1.361445783,1.252747253,0.108716475,0.108423396,1,1,0,1.312138728,run_aa2,4
100,158,1.094936709,1.171791457,1.275,0.91025641,0.091244726,0.097649288,1,1,0,1.101910828,run_aa2,4
101,138,1.260869565,1.347093914,1.367647059,1.157142857,0.105072464,0.112257826,1,1,0,1.270072993,run_aa2,4
102,129,1.356589147,1.424114032,1.298507463,1.419354839,0.113049096,0.118676169,1,1,1,1.359375,run_aa2,4
103,140,1.1,1.41573887,1.12345679,1.06779661,0.091666667,0.117978239,1,1,0,1.107913669,run_aa2,4
104,129,1.085271318,1.237632618,0.9375,1.230769231,0.090439276,0.103136051,1,1,1,1.0859375,run_aa2,4
105,126,1.111111111,1.351871131,0.985074627,1.254237288,0.092592593,0.112655928,1,1,1,1.112,run_aa2,4
106,110,1.090909091,1.424203976,1.089285714,1.092592593,0.090909091,0.118683665,1,1,2,1.082568807,run_aa2,4
107,97,0.948453608,1.01418208,0.87755102,1.020833333,0.079037801,0.084515173,1,1,1,0.947916667,run_aa2,4
108,90,1.066666667,1.261352939,0.977272727,1.152173913,0.088888889,0.105112745,1,1,1,1.06741573,run_aa2,4
109,89,1.056179775,1.026462931,1.142857143,0.978723404,0.088014981,0.085538578,1,1,0,1.068181818,run_aa2,4
110,50,1,1.370237578,1.318181818,0.75,0.083333333,0.114186465,1,1,0,1.020408163,run_aa2,4
111,51,1.039215686,1.35588767,0.958333333,1.111111111,0.086601307,0.112990639,1,1,0,1.06,run_aa2,4
112,58,1.465517241,1.789006558,1.3125,1.653846154,0.122126437,0.14908388,1,1,0,1.49122807,run_aa2,4
113,47,1.468085106,1.779729631,1.32,1.636363636,0.122340426,0.148310803,1,1,4,1.413043478,run_aa2,4
114,51,1.176470588,1.322208491,1.375,1,0.098039216,0.110184041,1,1,0,1.2,run_aa2,4
115,47,1.14893617,1.641562397,1.8125,0.806451613,0.095744681,0.136796866,1,1,0,1.173913043,run_aa2,4
116,47,1.510638298,1.954619283,1.045454545,1.92,0.125886525,0.16288494,1,1,0,1.543478261,run_aa2,4
117,52,1.288461538,1.348005621,1.727272727,0.966666667,0.107371795,0.112333802,1,1,0,1.31372549,run_aa2,4
118,53,1.358490566,1.316965329,1.633333333,1,0.113207547,0.109747111,1,1,1,1.365384615,run_aa2,4
119,47,1.042553191,1.178751123,1.19047619,0.923076923,0.086879433,0.09822926,1,1,1,1.043478261,run_aa2,4
120,50,1.44,1.500476115,1.454545455,1.428571429,0.12,0.125039676,1,1,0,1.469387755,run_aa2,4
121,51,1.450980392,1.931980595,1.48,1.423076923,0.120915033,0.160998383,1,1,0,1.48,run_aa2,4
122,47,1.361702128,1.566296267,1.3,1.407407407,0.113475177,0.130524689,1,1,1,1.369565217,run_aa2,4
123,46,1.239130435,1.551841667,1.333333333,1.16,0.10326087,0.129320139,1,1,0,1.266666667,run_aa2,4
124,47,1.638297872,1.90452016,1.476190476,1.769230769,0.136524823,0.158710013,1,1,0,1.673913043,run_aa2,4
125,49,1.183673469,1.79899821,1.5,0.88,0.098639456,0.149916517,1,1,4,1.125,run_aa2,4
126,50,1.42,1.654801301,1.333333333,1.46875,0.118333333,0.137900108,1,1,0,1.448979592,run_aa2,4
127,46,0.869565217,1.292864101,1.136363636,0.625,0.072463768,0.107738675,1,1,0,0.888888889,run_aa2,4
128,47,1.553191489,1.471593497,1.666666667,1.461538462,0.129432624,0.122632791,1,1,0,1.586956522,run_aa2,4
129,44,1.045454545,0.987233519,1.111111111,0.941176471,0.087121212,0.08226946,1,1,1,1.046511628,run_aa2,4
130,45,1.733333333,1.838972045,2,1.538461538,0.144444444,0.15324767,1,1,0,1.772727273,run_aa2,4
131,53,1.735849057,1.429778673,1.833333333,1.655172414,0.144654088,0.119148223,1,1,1,1.75,run_aa2,4
132,39,1.58974359,1.681445943,1.714285714,1.444444444,0.132478632,0.140120495,1,1,1,1.605263158,run_aa2,4
133,48,1.229166667,1.574255425,0.909090909,1.5,0.102430556,0.131187952,1,1,0,1.255319149,run_aa2,4
134,51,1.37254902,1.586956639,1.238095238,1.466666667,0.114379085,0.132246387,1,1,3,1.34,run_aa2,4
135,48,1.333333333,1.692704412,2.086956522,0.64,0.111111111,0.141058701,1,1,0,1.361702128,run_aa2,4
136,49,1.510204082,1.684765673,1.80952381,1.285714286,0.12585034,0.140397139,1,1,1,1.520833333,run_aa2,4
137,42,1.452380952,1.65577159,1.941176471,1.12,0.121031746,0.137980966,1,1,1,1.463414634,run_aa2,4
138,50,1.26,1.613843176,1.272727273,1.25,0.105,0.134486931,1,1,0,1.285714286,run_aa2,4
139,55,1.672727273,1.656128299,1.484848485,1.954545455,0.139393939,0.138010692,1,1,3,1.648148148,run_aa2,4
140,50,1.48,1.593865792,1.375,1.576923077,0.123333333,0.132822149,1,1,0,1.510204082,run_aa2,4
141,44,1.227272727,1.411969371,0.84375,2.25,0.102272727,0.117664114,1,1,0,1.255813953,run_aa2,4
142,48,1.25,1.312784923,1.260869565,1.24,0.104166667,0.109398744,1,1,0,1.276595745,run_aa2,4
143,50,1.26,1.396935421,1.107142857,1.454545455,0.105,0.116411285,1,1,4,1.204081633,run_aa2,4
144,52,1.461538462,1.349822624,1.111111111,1.84,0.121794872,0.112485219,1,1,NaN,1.461538462,run_aa2,4
145,47,1.70212766,1.743495909,1.222222222,2.35,0.141843972,0.145291326,1,1,5,1.630434783,run_aa2,4
146,47,1.361702128,1.607395029,1.307692308,1.428571429,0.113475177,0.133949586,1,1,1,1.369565217,run_aa2,4
147,47,1.14893617,1.366982132,1.4,0.863636364,0.095744681,0.113915178,1,1,0,1.173913043,run_aa2,4
148,44,1.704545455,1.578629748,1.48,2,0.142045455,0.131552479,1,1,0,1.744186047,run_aa2,4
149,41,1.975609756,2.115275453,1.95,2,0.164634146,0.176272954,1,1,0,2.025,run_aa2,4
150,42,2,1.950609661,2.458333333,1.388888889,0.166666667,0.162550805,1,1,0,2.048780488,run_aa2,4
151,93,1.870967742,2.101892555,1.941176471,1.830508475,0.155913978,0.175157713,1,1,0,1.891304348,run_aa2,4
152,96,1.822916667,1.666984619,1.942307692,1.681818182,0.151909722,0.138915385,1,1,2,1.821052632,run_aa2,4
153,123,1.569105691,1.718182898,1.685714286,1.41509434,0.130758808,0.143181908,1,1,0,1.581967213,run_aa2,4
154,141,1.397163121,1.398363496,1.362318841,1.430555556,0.11643026,0.116530291,1,1,0,1.407142857,run_aa2,4
155,139,1.474820144,1.652099829,1.378378378,1.584615385,0.122901679,0.137674986,1,1,1,1.47826087,run_aa2,4
156,155,1.316129032,1.462762192,1.298701299,1.333333333,0.109677419,0.121896849,1,1,1,1.318181818,run_aa2,4
157,145,1.489655172,1.612095089,1.294117647,1.662337662,0.124137931,0.134341257,1,1,3,1.479166667,run_aa2,4
158,163,1.411042945,1.620585405,1.390804598,1.434210526,0.117586912,0.135048784,1,1,3,1.401234568,run_aa2,4
159,181,1.220994475,1.533261268,1.269662921,1.173913043,0.10174954,0.127771772,1,1,0,1.227777778,run_aa2,4
160,192,1.395833333,1.709102006,1.369565217,1.42,0.116319444,0.142425167,1,1,0,1.403141361,run_aa2,4
161,189,1.333333333,1.553992798,1.505494505,1.173469388,0.111111111,0.1294994,1,1,0,1.340425532,run_aa2,4
162,181,1.29281768,1.541068646,1.170212766,1.425287356,0.107734807,0.128422387,1,1,7,1.261111111,run_aa2,4
163,179,1.296089385,1.432580885,1.276595745,1.317647059,0.108007449,0.11938174,1,1,0,1.303370787,run_aa2,4
164,175,1.268571429,1.402741861,1.215909091,1.32183908,0.105714286,0.116895155,1,1,NaN,1.268571429,run_aa2,4
165,181,1.099447514,1.464790362,0.968421053,1.244186047,0.091620626,0.122065863,1,1,3,1.088888889,run_aa2,4
166,174,1.316091954,1.712947874,1.355555556,1.273809524,0.10967433,0.142745656,1,1,0,1.323699422,run_aa2,4
167,169,1.49704142,1.697772562,1.247058824,1.75,0.124753452,0.141481047,1,1,0,1.505952381,run_aa2,4
168,176,1.227272727,1.532335455,1.154639175,1.316455696,0.102272727,0.127694621,1,1,1,1.228571429,run_aa2,4
169,185,1.481081081,1.57456651,1.887640449,1.104166667,0.123423423,0.131213876,1,1,2,1.47826087,run_aa2,4
170,191,1.382198953,1.574633586,1.376237624,1.388888889,0.115183246,0.131219465,1,1,5,1.363157895,run_aa2,4
171,185,1.589189189,1.82491569,1.681818182,1.505154639,0.132432432,0.152076307,1,1,1,1.592391304,run_aa2,4
172,208,1.341346154,1.43248108,1.383838384,1.302752294,0.111778846,0.119373423,1,1,1,1.342995169,run_aa2,4
173,179,1.430167598,1.648760336,1.404494382,1.455555556,0.119180633,0.137396695,1,1,2,1.426966292,run_aa2,4
174,180,1.238888889,1.558411628,1.032967033,1.449438202,0.103240741,0.129867636,1,1,0,1.245810056,run_aa2,4
175,185,1.172972973,1.29056961,1.218390805,1.132653061,0.097747748,0.107547467,1,1,0,1.179347826,run_aa2,4
176,174,1.166666667,1.368866597,1.263736264,1.060240964,0.097222222,0.114072216,1,1,0,1.173410405,run_aa2,4
177,175,1.44,1.588608876,1.397435897,1.474226804,0.12,0.132384073,1,1,0,1.448275862,run_aa2,4
178,169,1.514792899,1.640653575,1.769230769,1.217948718,0.126232742,0.136721131,1,1,0,1.523809524,run_aa2,4
179,167,1.467065868,1.792838603,1.261904762,1.674698795,0.122255489,0.149403217,1,1,0,1.475903614,run_aa2,4
180,190,1.121052632,1.469650265,0.988636364,1.235294118,0.093421053,0.122470855,1,1,NaN,1.121052632,run_aa2,4
181,184,1.418478261,1.603917973,1.602409639,1.267326733,0.118206522,0.133659831,1,1,NaN,1.418478261,run_aa2,4
182,188,1.510638298,1.535635045,1.489130435,1.53125,0.125886525,0.127969587,1,1,1,1.513368984,run_aa2,4
183,186,1.413978495,1.589022572,1.609195402,1.242424242,0.117831541,0.132418548,1,1,0,1.421621622,run_aa2,4
184,194,1.386597938,1.478700512,1.556818182,1.245283019,0.115549828,0.123225043,1,1,NaN,1.386597938,run_aa2,4
185,169,1.213017751,1.376528071,1.208333333,1.216494845,0.101084813,0.114710673,1,1,1,1.214285714,run_aa2,4
186,177,1.084745763,1.269683241,1.033333333,1.137931034,0.09039548,0.105806937,1,1,0,1.090909091,run_aa2,4
187,179,1.273743017,1.440947317,1.436781609,1.119565217,0.106145251,0.120078943,1,1,1,1.275280899,run_aa2,4
188,173,1.132947977,1.346706138,1.134831461,1.130952381,0.094412331,0.112225511,1,1,0,1.139534884,run_aa2,4
189,172,1.337209302,1.377432692,1.23255814,1.441860465,0.111434109,0.114786058,1,1,NaN,1.337209302,run_aa2,4
190,188,1.382978723,1.452317955,1.361702128,1.404255319,0.115248227,0.121026496,1,1,4,1.368983957,run_aa2,4
191,173,1.346820809,1.472994797,1.32,1.383561644,0.112235067,0.122749566,1,1,2,1.343023256,run_aa2,4
192,182,1.291208791,1.489495324,1.395348837,1.197916667,0.107600733,0.12412461,1,1,1,1.29281768,run_aa2,4
193,179,1.12849162,1.539817392,1.050632911,1.19,0.094040968,0.128318116,1,1,2,1.123595506,run_aa2,4
194,177,1.293785311,1.520173368,1.363636364,1.224719101,0.107815443,0.126681114,1,1,0,1.301136364,run_aa2,4
195,175,1.262857143,1.48924993,1.263157895,1.2625,0.105238095,0.124104161,1,1,1,1.264367816,run_aa2,4
196,198,1.368686869,1.68011037,1.239583333,1.490196078,0.114057239,0.140009198,1,1,0,1.375634518,run_aa2,4
197,191,1.57591623,1.909325059,1.833333333,1.373831776,0.131326353,0.159110422,1,1,3,1.568421053,run_aa2,4
198,192,1.338541667,1.46332976,1.258064516,1.414141414,0.111545139,0.121944147,1,1,1,1.340314136,run_aa2,4
199,181,1.232044199,1.43033435,1.272727273,1.193548387,0.10267035,0.119194529,1,1,0,1.238888889,run_aa2,4
200,182,1.137362637,1.459519966,1.165137615,1.095890411,0.09478022,0.121626664,1,1,3,1.127071823,run_aa2,4
201,168,1.172619048,1.392869024,1.247191011,1.088607595,0.097718254,0.116072419,1,1,1,1.173652695,run_aa2,4
202,177,1.378531073,1.521882839,1.311111111,1.448275862,0.114877589,0.12682357,1,1,0,1.386363636,run_aa2,4
203,181,1.26519337,1.372893777,1.181818182,1.344086022,0.105432781,0.114407815,1,1,3,1.255555556,run_aa2,4
204,173,1.12716763,1.400170903,1.047058824,1.204545455,0.093930636,0.116680909,1,1,0,1.13372093,run_aa2,4
205,173,1.387283237,1.327377251,1.493670886,1.29787234,0.115606936,0.110614771,1,1,NaN,1.387283237,run_aa2,4
206,175,1.348571429,1.481179134,1.472527473,1.214285714,0.112380952,0.123431594,1,1,1,1.350574713,run_aa2,4
207,185,1.302702703,1.569146557,1.366197183,1.263157895,0.108558559,0.130762213,1,1,1,1.304347826,run_aa2,4
208,175,1.308571429,1.556109839,1.430232558,1.191011236,0.109047619,0.12967582,1,1,0,1.316091954,run_aa2,4
209,190,1.347368421,1.534564179,1.436170213,1.260416667,0.112280702,0.127880348,1,1,NaN,1.347368421,run_aa2,4
210,184,1.407608696,1.468111585,1.483146067,1.336842105,0.117300725,0.122342632,1,1,1,1.409836066,run_aa2,4
211,181,1.314917127,1.558221429,1.461538462,1.203883495,0.109576427,0.129851786,1,1,0,1.322222222,run_aa2,4
212,177,1.333333333,1.528764603,1.317073171,1.347368421,0.111111111,0.12739705,1,1,0,1.340909091,run_aa2,4
213,189,1.417989418,1.494633727,1.548387097,1.291666667,0.118165785,0.124552811,1,1,0,1.425531915,run_aa2,4
214,190,1.173684211,1.386382032,1.272727273,1.088235294,0.097807018,0.115531836,1,1,0,1.17989418,run_aa2,4
215,177,1.152542373,1.307498818,1.322222222,0.977011494,0.096045198,0.108958235,1,1,0,1.159090909,run_aa2,4
216,173,1.294797688,1.490210922,1.510869565,1.049382716,0.107899807,0.124184244,1,1,0,1.302325581,run_aa2,4
217,160,1.475,1.748134675,1.344444444,1.642857143,0.122916667,0.14567789,1,1,4,1.459119497,run_aa2,4
218,195,1.312820513,1.453608997,1.355555556,1.276190476,0.109401709,0.121134083,1,1,0,1.319587629,run_aa2,4
219,180,1.372222222,1.657994196,1.47826087,1.261363636,0.114351852,0.138166183,1,1,0,1.379888268,run_aa2,4
220,198,1.267676768,1.542647752,1.341176471,1.212389381,0.105639731,0.128553979,1,1,0,1.274111675,run_aa2,4
221,196,1.397959184,1.550780091,1.355769231,1.445652174,0.116496599,0.129231674,1,1,0,1.405128205,run_aa2,4
222,192,1.526041667,1.594936017,1.380952381,1.701149425,0.127170139,0.132911335,1,1,0,1.534031414,run_aa2,4
223,173,1.196531792,1.523684944,1.269662921,1.119047619,0.099710983,0.126973745,1,1,0,1.203488372,run_aa2,4
224,178,1.280898876,1.453526894,1.206185567,1.37037037,0.106741573,0.121127241,1,1,0,1.288135593,run_aa2,4
225,180,1.261111111,1.565564809,1.236111111,1.277777778,0.105092593,0.130463734,1,1,3,1.251396648,run_aa2,4
226,168,1.291666667,1.653717158,1.159090909,1.4375,0.107638889,0.137809763,1,1,0,1.299401198,run_aa2,4
227,175,1.388571429,1.545436632,1.409090909,1.367816092,0.115714286,0.128786386,1,1,0,1.396551724,run_aa2,4
228,180,1.166666667,1.339140056,1.208333333,1.119047619,0.097222222,0.111595005,1,1,0,1.173184358,run_aa2,4
229,183,1.284153005,1.615896383,1.444444444,1.129032258,0.10701275,0.134658032,1,1,0,1.291208791,run_aa2,4
230,185,1.340540541,1.559588062,1.301204819,1.37254902,0.111711712,0.129965672,1,1,NaN,1.340540541,run_aa2,4
231,181,1.392265193,1.708067738,1.494382022,1.293478261,0.116022099,0.142338978,1,1,0,1.4,run_aa2,4
232,188,1.313829787,1.456102854,1.380434783,1.25,0.109485816,0.121341905,1,1,1,1.315508021,run_aa2,4
233,171,1.269005848,1.537044014,1.360824742,1.148648649,0.105750487,0.128087001,1,1,0,1.276470588,run_aa2,4
234,174,1.224137931,1.451048297,1.22826087,1.219512195,0.102011494,0.120920691,1,1,0,1.231213873,run_aa2,4
235,184,1.179347826,1.461867811,1.112244898,1.255813953,0.098278986,0.121822318,1,1,0,1.18579235,run_aa2,4
236,178,1.202247191,1.299106823,1.222222222,1.181818182,0.100187266,0.108258902,1,1,6,1.175141243,run_aa2,4
237,190,1.294736842,1.569374116,1.381443299,1.204301075,0.107894737,0.130781176,1,1,0,1.301587302,run_aa2,4
238,177,1.192090395,1.441016305,1.16091954,1.222222222,0.099340866,0.120084692,1,1,1,1.193181818,run_aa2,4
239,173,1.317919075,1.417323162,1.278350515,1.368421053,0.10982659,0.118110264,1,1,0,1.325581395,run_aa2,4
240,182,1.269230769,1.39416244,1.392857143,1.163265306,0.105769231,0.116180203,1,1,0,1.276243094,run_aa2,4
241,177,1.446327684,1.602094001,1.385542169,1.5,0.120527307,0.133507833,1,1,0,1.454545455,run_aa2,4
242,171,1.298245614,1.704301606,1.045454545,1.56626506,0.108187135,0.142025134,1,1,NaN,1.298245614,run_aa2,4
243,184,1.282608696,1.59113725,1.244444444,1.319148936,0.106884058,0.132594771,1,1,0,1.289617486,run_aa2,4
244,184,1.445652174,1.513972305,1.385542169,1.495049505,0.120471014,0.126164359,1,1,0,1.453551913,run_aa2,4
245,192,1.307291667,1.50195299,1.393939394,1.215053763,0.108940972,0.125162749,1,1,1,1.308900524,run_aa2,4
246,187,1.43315508,1.725698298,1.447916667,1.417582418,0.11942959,0.143808191,1,1,0,1.440860215,run_aa2,4
247,197,1.218274112,1.517944053,1.376237624,1.052083333,0.101522843,0.126495338,1,1,0,1.224489796,run_aa2,4
248,178,1.45505618,1.64358099,1.511111111,1.397727273,0.121254682,0.136965083,1,1,1,1.457627119,run_aa2,4
249,176,1.335227273,1.612844144,1.460526316,1.24,0.111268939,0.134403679,1,1,3,1.325714286,run_aa2,4
250,180,1.272222222,1.327957038,1.326086957,1.215909091,0.106018519,0.110663086,1,1,3,1.262569832,run_aa2,4
251,162,1.277777778,1.500517509,1.265625,1.285714286,0.106481481,0.125043126,1,1,0,1.285714286,run_aa2,4
252,170,1.347058824,1.569916007,1.458823529,1.235294118,0.112254902,0.130826334,1,1,0,1.355029586,run_aa2,4
253,185,1.302702703,1.801341059,1.091954023,1.489795918,0.108558559,0.150111755,1,1,0,1.309782609,run_aa2,4
254,189,1.343915344,1.419179982,1.457142857,1.202380952,0.111992945,0.118264999,1,1,0,1.35106383,run_aa2,4
255,185,1.567567568,1.737385288,1.56043956,1.574468085,0.130630631,0.144782107,1,1,1,1.570652174,run_aa2,4
256,182,1.082417582,1.282615888,1.06122449,1.107142857,0.090201465,0.106884657,1,1,4,1.066298343,run_aa2,4
257,172,1.244186047,1.490210131,1.090909091,1.404761905,0.103682171,0.124184178,1,1,2,1.239766082,run_aa2,4
258,173,1.231213873,1.456244463,1.241758242,1.219512195,0.102601156,0.121353705,1,1,0,1.238372093,run_aa2,4
259,175,1.262857143,1.364383932,1.329896907,1.179487179,0.105238095,0.113698661,1,1,0,1.270114943,run_aa2,4
260,183,1.202185792,1.369846237,1.362637363,1.043478261,0.100182149,0.114153853,1,1,NaN,1.202185792,run_aa2,4
261,184,1.326086957,1.482935323,1.270588235,1.373737374,0.110507246,0.123577944,1,1,NaN,1.326086957,run_aa2,4
262,169,1.426035503,1.682057703,1.333333333,1.505494505,0.118836292,0.140171475,1,1,1,1.428571429,run_aa2,4
263,183,1.459016393,1.595740592,1.416666667,1.52,0.121584699,0.132978383,1,1,3,1.450549451,run_aa2,4
264,184,1.168478261,1.358593724,1.285714286,1.08411215,0.097373188,0.113216144,1,1,0,1.174863388,run_aa2,4
265,186,1.209677419,1.598686252,1.418604651,1.03,0.100806452,0.133223854,1,1,1,1.210810811,run_aa2,4
266,164,1.408536585,1.538121013,1.384615385,1.430232558,0.117378049,0.128176751,1,1,0,1.417177914,run_aa2,4
267,180,1.238888889,1.34273917,1.247619048,1.226666667,0.103240741,0.111894931,1,1,0,1.245810056,run_aa2,4
268,176,1.346590909,1.845237816,1.432432432,1.284313725,0.112215909,0.153769818,1,1,0,1.354285714,run_aa2,4
269,181,1.425414365,1.653687956,1.385542169,1.459183673,0.11878453,0.13780733,1,1,1,1.427777778,run_aa2,4
270,188,1.494680851,1.607127641,1.52688172,1.463157895,0.124556738,0.133927303,1,1,0,1.502673797,run_aa2,4
271,199,1.432160804,1.443960202,1.632653061,1.237623762,0.119346734,0.120330017,1,1,2,1.429292929,run_aa2,4
272,193,1.362694301,1.54550996,1.477777778,1.262135922,0.113557858,0.128792497,1,1,0,1.369791667,run_aa2,4
273,195,1.174358974,1.488914008,1.052631579,1.29,0.097863248,0.124076167,1,1,0,1.180412371,run_aa2,4
274,168,1.273809524,1.454715154,1.278481013,1.269662921,0.106150794,0.121226263,1,1,0,1.281437126,run_aa2,4
275,177,1.389830508,1.64126769,1.5,1.303030303,0.115819209,0.136772307,1,1,2,1.386363636,run_aa2,4
276,165,1.509090909,1.741243535,1.602941176,1.443298969,0.125757576,0.145103628,1,1,2,1.506097561,run_aa2,4
277,188,1.45212766,1.649127381,1.722222222,1.204081633,0.121010638,0.137427282,1,1,1,1.454545455,run_aa2,4
278,180,1.394444444,1.470367347,1.679487179,1.176470588,0.116203704,0.122530612,1,1,0,1.402234637,run_aa2,4
279,184,1.065217391,1.333095726,0.988888889,1.138297872,0.088768116,0.111091311,1,1,0,1.071038251,run_aa2,4
280,182,1.137362637,1.544131528,1.109756098,1.16,0.09478022,0.128677627,1,1,NaN,1.137362637,run_aa2,4
281,167,1.251497006,1.434172289,1.41025641,1.112359551,0.104291417,0.119514357,1,1,2,1.246987952,run_aa2,4
282,194,1.283505155,1.44216162,1.404255319,1.17,0.106958763,0.120180135,1,1,0,1.29015544,run_aa2,4
283,172,1.447674419,1.534265677,1.347826087,1.5625,0.120639535,0.127855473,1,1,0,1.456140351,run_aa2,4
284,171,1.426900585,1.575242759,1.280487805,1.561797753,0.118908382,0.13127023,1,1,NaN,1.426900585,run_aa2,4
285,178,1.303370787,1.421422017,1.448275862,1.164835165,0.108614232,0.118451835,1,1,1,1.305084746,run_aa2,4
286,184,1.342391304,1.618589664,1.355555556,1.329787234,0.111865942,0.134882472,1,1,0,1.349726776,run_aa2,4
287,179,1.240223464,1.367089895,1.387096774,1.081395349,0.103351955,0.113924158,1,1,0,1.247191011,run_aa2,4
288,177,1.209039548,1.428734216,1.285714286,1.139784946,0.100753296,0.119061185,1,1,0,1.215909091,run_aa2,4
289,172,1.377906977,1.431549372,1.465909091,1.285714286,0.114825581,0.119295781,1,1,2,1.374269006,run_aa2,4
290,179,1.268156425,1.541793228,1.214285714,1.333333333,0.105679702,0.128482769,1,1,0,1.275280899,run_aa2,4
291,182,1.28021978,1.560402256,1.311111111,1.25,0.106684982,0.130033521,1,1,0,1.287292818,run_aa2,4
292,177,1.344632768,1.480896153,1.606382979,1.048192771,0.112052731,0.123408013,1,1,0,1.352272727,run_aa2,4
293,176,1.414772727,1.531985809,1.393939394,1.427272727,0.117897727,0.127665484,1,1,0,1.422857143,run_aa2,4
294,175,1.24,1.469850254,1.285714286,1.197802198,0.103333333,0.122487521,1,1,1,1.24137931,run_aa2,4
295,193,1.487046632,1.702047812,1.378640777,1.611111111,0.123920553,0.141837318,1,1,0,1.494791667,run_aa2,4
296,199,1.447236181,1.526195474,1.505617978,1.4,0.120603015,0.127182956,1,1,1,1.449494949,run_aa2,4
297,179,1.452513966,1.709764372,1.404494382,1.5,0.121042831,0.142480364,1,1,0,1.460674157,run_aa2,4
298,201,1.23880597,1.450064332,1.448598131,1,0.103233831,0.120838694,1,1,2,1.235,run_aa2,4
299,175,1.445714286,1.663043681,1.653846154,1.278350515,0.12047619,0.138586973,1,1,0,1.454022989,run_aa2,4
300,182,1.032967033,1.358017319,0.988505747,1.073684211,0.086080586,0.11316811,1,1,0,1.038674033,run_aa2,4
301,165,1.387878788,1.684172659,1.337662338,1.431818182,0.115656566,0.140347722,1,1,0,1.396341463,run_aa2,4
302,166,1.192771084,1.529173525,1.453333333,0.978021978,0.09939759,0.127431127,1,1,0,1.2,run_aa2,4
303,176,1.3125,1.552532493,1.280487805,1.340425532,0.109375,0.129377708,1,1,0,1.32,run_aa2,4
304,185,1.448648649,1.394402946,1.546391753,1.340909091,0.120720721,0.116200246,1,1,0,1.456521739,run_aa2,4
305,185,1.227027027,1.525979487,1.133333333,1.315789474,0.102252252,0.127164957,1,1,0,1.233695652,run_aa2,4
306,182,1.252747253,1.414943191,1.275862069,1.231578947,0.104395604,0.117911933,1,1,2,1.248618785,run_aa2,4
307,169,1.301775148,1.417596615,1.306122449,1.295774648,0.108481262,0.118133051,1,1,0,1.30952381,run_aa2,4
308,182,1.351648352,1.644502822,1.208333333,1.511627907,0.112637363,0.137041902,1,1,0,1.359116022,run_aa2,4
309,174,1.195402299,1.492478874,1.104651163,1.284090909,0.099616858,0.12437324,1,1,0,1.202312139,run_aa2,4
310,182,1.395604396,1.596813961,1.277108434,1.494949495,0.116300366,0.13306783,1,1,0,1.403314917,run_aa2,4
311,189,1.28042328,1.451590408,1.370786517,1.2,0.10670194,0.120965867,1,1,NaN,1.28042328,run_aa2,4
312,176,1.181818182,1.300948705,1.272727273,1.090909091,0.098484848,0.108412392,1,1,0,1.188571429,run_aa2,4
313,171,1.438596491,1.722011927,1.372093023,1.505882353,0.119883041,0.143500994,1,1,3,1.429411765,run_aa2,4
314,189,1.291005291,1.460462454,1.267326733,1.318181818,0.107583774,0.121705205,1,1,0,1.29787234,run_aa2,4
315,167,1.203592814,1.530961278,1.302631579,1.120879121,0.100299401,0.127580107,1,1,2,1.198795181,run_aa2,4
316,177,1.299435028,1.618658858,1.298076923,1.301369863,0.108286252,0.134888238,1,1,0,1.306818182,run_aa2,4
317,170,1.294117647,1.498113444,1.0875,1.477777778,0.107843137,0.124842787,1,1,0,1.301775148,run_aa2,4
318,172,1.284883721,1.677230901,1.252747253,1.320987654,0.107073643,0.139769242,1,1,0,1.292397661,run_aa2,4
319,186,1.306451613,1.565734882,1.322222222,1.291666667,0.108870968,0.130477907,1,1,1,1.308108108,run_aa2,4
320,184,1.298913043,1.419150409,1.268817204,1.32967033,0.108242754,0.118262534,1,1,0,1.306010929,run_aa2,4
321,187,1.294117647,1.539486595,1.2,1.402298851,0.107843137,0.12829055,1,1,0,1.301075269,run_aa2,4
322,196,1.423469388,1.591406475,1.395833333,1.45,0.118622449,0.132617206,1,1,2,1.420512821,run_aa2,4
323,189,1.365079365,1.577450009,1.5,1.266055046,0.113756614,0.131454167,1,1,1,1.367021277,run_aa2,4
324,178,1.41011236,1.682515264,1.357142857,1.457446809,0.117509363,0.140209605,1,1,2,1.406779661,run_aa2,4
325,195,1.312820513,1.421335855,1.477272727,1.177570093,0.109401709,0.118444655,1,1,3,1.304123711,run_aa2,4
326,176,1.255681818,1.510901941,1.337349398,1.182795699,0.104640152,0.125908495,1,1,0,1.262857143,run_aa2,4
327,176,1.301136364,1.532579101,1.284090909,1.318181818,0.10842803,0.127714925,1,1,1,1.302857143,run_aa2,4
328,191,1.335078534,1.501849691,1.431578947,1.239583333,0.111256545,0.125154141,1,1,0,1.342105263,run_aa2,4
329,185,1.297297297,1.592524399,1.292929293,1.302325581,0.108108108,0.132710367,1,1,0,1.304347826,run_aa2,4
330,178,1.174157303,1.502542334,1.329268293,1.041666667,0.097846442,0.125211861,1,1,1,1.175141243,run_aa2,4
331,163,1.319018405,1.48949209,1.268292683,1.37037037,0.1099182,0.124124341,1,1,1,1.320987654,run_aa2,4
332,177,1.203389831,1.395361565,1.275,1.144329897,0.100282486,0.11628013,1,1,1,1.204545455,run_aa2,4
333,179,1.413407821,1.630826325,1.337078652,1.488888889,0.117783985,0.135902194,1,1,0,1.421348315,run_aa2,4
334,185,1.259459459,1.378298309,1.094736842,1.433333333,0.104954955,0.114858192,1,1,0,1.266304348,run_aa2,4
335,182,1.285714286,1.473791025,1.224489796,1.357142857,0.107142857,0.122815919,1,1,NaN,1.285714286,run_aa2,4
336,182,1.291208791,1.474583814,1.326315789,1.252873563,0.107600733,0.122881985,1,1,0,1.298342541,run_aa2,4
337,185,1.291891892,1.422333198,1.29787234,1.285714286,0.107657658,0.118527767,1,1,0,1.298913043,run_aa2,4
338,176,1.204545455,1.395167913,1.147727273,1.261363636,0.100378788,0.116263993,1,1,1,1.205714286,run_aa2,4
339,168,1.273809524,1.458825633,1.411764706,1.13253012,0.106150794,0.121568803,1,1,1,1.275449102,run_aa2,4
340,179,1.195530726,1.525359461,1.329268293,1.082474227,0.099627561,0.127113288,1,1,2,1.191011236,run_aa2,4
341,179,1.245810056,1.416564045,1.43902439,1.082474227,0.103817505,0.118047004,1,1,0,1.252808989,run_aa2,4
342,186,1.387096774,1.663810398,1.280898876,1.484536082,0.115591398,0.138650866,1,1,1,1.389189189,run_aa2,4
343,169,1.372781065,1.438242133,1.258426966,1.5,0.114398422,0.119853511,1,1,0,1.380952381,run_aa2,4
344,182,1.428571429,1.615825446,1.23255814,1.604166667,0.119047619,0.13465212,1,1,0,1.436464088,run_aa2,4
345,182,1.351648352,1.496763554,1.28125,1.430232558,0.112637363,0.124730296,1,1,0,1.359116022,run_aa2,4
346,191,1.261780105,1.540524509,1.177083333,1.347368421,0.105148342,0.128377042,1,1,1,1.263157895,run_aa2,4
347,200,1.17,1.396729849,1.083333333,1.27173913,0.0975,0.116394154,1,1,2,1.165829146,run_aa2,4
348,226,0.761061947,1.129596477,0.767241379,0.754545455,0.063421829,0.09413304,1,1,3,0.751111111,run_aa2,4
349,231,0,0,0,0,0,0,1,1,0,0,run_aa2,4
350,221,0,0,0,0,0,0,1,1,0,0,run_aa2,4
0,924,0.711038961,1.172013575,0.710084034,0.712053571,0.050788497,0.083715255,1,1,NaN,0.711038961,run_aa2,5
1,10,1.1,0.994428926,1.4,0.8,0.078571429,0.071030638,1,1,1,1.111111111,run_aa2,5
2,85,1.211764706,1.337144413,1.489361702,0.868421053,0.086554622,0.095510315,1,1,0,1.226190476,run_aa2,5
3,132,1.196969697,1.500327669,1.225352113,1.163934426,0.085497835,0.107166262,1,1,0,1.20610687,run_aa2,5
4,160,1.375,1.620427772,1.328358209,1.408602151,0.098214286,0.115744841,1,1,0,1.383647799,run_aa2,5
5,182,1.192307692,1.445643543,1.252873563,1.136842105,0.085164835,0.103260253,1,1,3,1.182320442,run_aa2,5
6,174,1.385057471,1.65386419,1.21686747,1.538461538,0.098932677,0.118133156,1,1,2,1.38150289,run_aa2,5
7,187,1.262032086,1.368148478,1.458823529,1.098039216,0.090145149,0.097724891,1,1,0,1.268817204,run_aa2,5
8,186,1.451612903,1.556268087,1.6,1.3125,0.103686636,0.111162006,1,1,1,1.454054054,run_aa2,5
9,176,1.329545455,1.536017789,1.430232558,1.233333333,0.094967532,0.109715556,1,1,0,1.337142857,run_aa2,5
10,189,1.26984127,1.412779995,1.488636364,1.079207921,0.090702948,0.100912857,1,1,0,1.276595745,run_aa2,5
11,159,1.440251572,1.752362582,1.436619718,1.443181818,0.102875112,0.125168756,1,1,1,1.443037975,run_aa2,5
12,189,1.44973545,1.558730537,1.564356436,1.318181818,0.103552532,0.111337896,1,1,0,1.457446809,run_aa2,5
13,178,1.185393258,1.542032598,1.208791209,1.16091954,0.084670947,0.110145186,1,1,2,1.18079096,run_aa2,5
14,187,1.288770053,1.407366215,1.24,1.344827586,0.092055004,0.100526158,1,1,2,1.284946237,run_aa2,5
15,182,1.247252747,1.508490934,1.280898876,1.215053763,0.089089482,0.107749352,1,1,0,1.254143646,run_aa2,5
16,170,1.405882353,1.481631353,1.351648352,1.46835443,0.100420168,0.105830811,1,1,1,1.408284024,run_aa2,5
17,172,1.389534884,1.591095769,1.320512821,1.446808511,0.099252492,0.113649698,1,1,0,1.397660819,run_aa2,5
18,176,1.369318182,1.671602,1.266666667,1.476744186,0.097808442,0.119400143,1,1,0,1.377142857,run_aa2,5
19,179,0.988826816,1.361545828,0.97752809,1,0.070630487,0.097253273,1,1,1,0.988764045,run_aa2,5
20,182,1.5,1.687621491,1.576470588,1.432989691,0.107142857,0.120544392,1,1,0,1.508287293,run_aa2,5
21,181,1.497237569,1.540650329,1.589473684,1.395348837,0.106945541,0.110046452,1,1,0,1.505555556,run_aa2,5
22,194,1.5,1.847137542,1.504950495,1.494623656,0.107142857,0.131938396,1,1,0,1.507772021,run_aa2,5
23,188,1.186170213,1.376821191,1.26744186,1.117647059,0.084726444,0.098344371,1,1,1,1.187165775,run_aa2,5
24,181,1.270718232,1.584183643,1.395348837,1.157894737,0.090765588,0.113155974,1,1,1,1.272222222,run_aa2,5
25,172,1.261627907,1.374850857,1.3,1.22826087,0.090116279,0.098203633,1,1,0,1.269005848,run_aa2,5
26,163,1.503067485,1.603908163,1.693333333,1.340909091,0.107361963,0.114564869,1,1,0,1.512345679,run_aa2,5
27,177,1.632768362,1.750210935,1.481481481,1.760416667,0.116626312,0.125015067,1,1,0,1.642045455,run_aa2,5
28,179,1.340782123,1.473001008,1.363636364,1.318681319,0.095770152,0.105214358,1,1,0,1.348314607,run_aa2,5
29,194,1.237113402,1.463002774,1.377358491,1.068181818,0.088365243,0.104500198,1,1,1,1.238341969,run_aa2,5
30,171,1.105263158,1.393483285,1.157142857,1.069306931,0.078947368,0.09953452,1,1,3,1.094117647,run_aa2,5
31,185,1.394594595,1.496725764,1.424242424,1.360465116,0.0996139,0.106908983,1,1,0,1.402173913,run_aa2,5
32,192,1.427083333,1.466875382,1.549019608,1.288888889,0.101934524,0.104776813,1,1,0,1.434554974,run_aa2,5
33,183,1.442622951,1.506665668,1.456790123,1.431372549,0.103044496,0.107618976,1,1,2,1.43956044,run_aa2,5
34,180,1.244444444,1.352102531,1.393939394,1.061728395,0.088888889,0.096578752,1,1,1,1.245810056,run_aa2,5
35,181,1.165745856,1.525755959,1.175,1.158415842,0.083267561,0.108982568,1,1,0,1.172222222,run_aa2,5
36,180,1.3,1.471896887,1.436781609,1.172043011,0.092857143,0.105135492,1,1,NaN,1.3,run_aa2,5
37,177,1.338983051,1.525653766,1.376344086,1.297619048,0.095641646,0.108975269,1,1,0,1.346590909,run_aa2,5
38,179,1.480446927,1.707027057,1.689655172,1.282608696,0.105746209,0.121930504,1,1,0,1.488764045,run_aa2,5
39,189,1.26984127,1.427760662,1.214285714,1.32967033,0.090702948,0.101982904,1,1,0,1.276595745,run_aa2,5
40,176,1.363636364,1.653960222,1.22826087,1.511904762,0.097402597,0.118140016,1,1,0,1.371428571,run_aa2,5
41,170,1.323529412,1.586193916,1.632183908,1,0.094537815,0.113299565,1,1,NaN,1.323529412,run_aa2,5
42,193,1.476683938,1.630032396,1.444444444,1.510638298,0.105477424,0.116430885,1,1,2,1.473958333,run_aa2,5
43,176,1.431818182,1.56603561,1.329545455,1.534090909,0.102272727,0.111859686,1,1,0,1.44,run_aa2,5
44,185,1.313513514,1.553075869,1.586956522,1.043010753,0.093822394,0.110933991,1,1,0,1.320652174,run_aa2,5
45,179,1.284916201,1.419109694,1.229885057,1.336956522,0.091779729,0.101364978,1,1,0,1.292134831,run_aa2,5
46,192,1.515625,1.588494504,1.63,1.391304348,0.108258929,0.113463893,1,1,1,1.518324607,run_aa2,5
47,191,1.335078534,1.593663396,1.35106383,1.319587629,0.095362752,0.1138331,1,1,0,1.342105263,run_aa2,5
48,180,1.144444444,1.426494011,1.134146341,1.153061224,0.081746032,0.101892429,1,1,1,1.145251397,run_aa2,5
49,175,1.062857143,1.466696522,1.10989011,1.011904762,0.075918367,0.104764037,1,1,2,1.057471264,run_aa2,5
50,165,1.157575758,1.435403891,1.139534884,1.17721519,0.082683983,0.102528849,1,1,1,1.158536585,run_aa2,5
51,159,1.383647799,1.478961071,1.419354839,1.360824742,0.098831986,0.105640077,1,1,1,1.386075949,run_aa2,5
52,185,1.427027027,1.679908229,1.463157895,1.388888889,0.101930502,0.119993445,1,1,0,1.434782609,run_aa2,5
53,180,1.205555556,1.545211461,1.129032258,1.287356322,0.086111111,0.110372247,1,1,3,1.195530726,run_aa2,5
54,185,1.216216216,1.450920531,1.361702128,1.065934066,0.086872587,0.103637181,1,1,1,1.217391304,run_aa2,5
55,171,1.368421053,1.590023074,1.415841584,1.3,0.097744361,0.113573077,1,1,0,1.376470588,run_aa2,5
56,177,1.259887006,1.559511137,1.30952381,1.215053763,0.089991929,0.111393653,1,1,1,1.261363636,run_aa2,5
57,186,1.435483871,1.613667648,1.518987342,1.373831776,0.102534562,0.115261975,1,1,0,1.443243243,run_aa2,5
58,183,1.382513661,1.447286289,1.258064516,1.511111111,0.098750976,0.103377592,1,1,3,1.373626374,run_aa2,5
59,188,1.425531915,1.523360777,1.395604396,1.453608247,0.101823708,0.108811484,1,1,2,1.422459893,run_aa2,5
60,189,1.169312169,1.264452641,1.156626506,1.179245283,0.083522298,0.090318046,1,1,1,1.170212766,run_aa2,5
61,179,1.279329609,1.386195018,1.423913043,1.126436782,0.091380686,0.09901393,1,1,2,1.275280899,run_aa2,5
62,170,1.282352941,1.55081017,1.141304348,1.448717949,0.091596639,0.110772155,1,1,0,1.289940828,run_aa2,5
63,179,1.38547486,1.608269072,1.595505618,1.177777778,0.09896249,0.114876362,1,1,0,1.393258427,run_aa2,5
64,177,1.305084746,1.521671897,1.567164179,1.145454545,0.093220339,0.10869085,1,1,1,1.306818182,run_aa2,5
65,179,1.391061453,1.88820362,1.578313253,1.229166667,0.099361532,0.134871687,1,1,1,1.393258427,run_aa2,5
66,184,1.369565217,1.634447426,1.419354839,1.318681319,0.097826087,0.116746245,1,1,2,1.366120219,run_aa2,5
67,176,1.318181818,1.450481335,1.313953488,1.322222222,0.094155844,0.10360581,1,1,1,1.32,run_aa2,5
68,176,1.267045455,1.482177671,1.5,1.098039216,0.090503247,0.105869834,1,1,4,1.251428571,run_aa2,5
69,181,1.298342541,1.534581924,1.202380952,1.381443299,0.092738753,0.109612995,1,1,3,1.288888889,run_aa2,5
70,179,1.43575419,1.738543839,1.34375,1.542168675,0.102553871,0.124181703,1,1,2,1.43258427,run_aa2,5
71,181,1.574585635,1.693522125,1.673469388,1.457831325,0.112470403,0.120965866,1,1,1,1.577777778,run_aa2,5
72,199,1.442211055,1.542471824,1.533333333,1.340425532,0.103015075,0.110176559,1,1,1,1.444444444,run_aa2,5
73,191,1.408376963,1.589681525,1.391304348,1.424242424,0.100598355,0.11354868,1,1,0,1.415789474,run_aa2,5
74,176,1.159090909,1.363913392,1.022222222,1.302325581,0.082792208,0.097422385,1,1,1,1.16,run_aa2,5
75,183,1.256830601,1.487916461,1.221052632,1.295454545,0.089773614,0.106279747,1,1,0,1.263736264,run_aa2,5
76,159,1.314465409,1.52671719,1.329113924,1.3,0.093890386,0.109051228,1,1,0,1.32278481,run_aa2,5
77,183,1.360655738,1.54100852,1.378947368,1.340909091,0.097189696,0.110072037,1,1,0,1.368131868,run_aa2,5
78,175,1.268571429,1.414979677,1.402597403,1.163265306,0.090612245,0.101069977,1,1,0,1.275862069,run_aa2,5
79,182,1.065934066,1.360875553,1.127906977,1.010416667,0.076138148,0.097205397,1,1,0,1.071823204,run_aa2,5
80,177,1.265536723,1.407205027,1.428571429,1.14,0.09039548,0.100514645,1,1,3,1.255681818,run_aa2,5
81,163,1.417177914,1.494086909,1.308641975,1.524390244,0.101226994,0.106720493,1,1,2,1.413580247,run_aa2,5
82,187,1.288770053,1.590303983,1.522222222,1.072164948,0.092055004,0.113593142,1,1,1,1.290322581,run_aa2,5
83,186,1.172043011,1.584544651,1.307692308,1.042105263,0.083717358,0.113181761,1,1,0,1.178378378,run_aa2,5
84,177,1.548022599,1.721920519,1.528735632,1.566666667,0.110573043,0.122994323,1,1,0,1.556818182,run_aa2,5
85,177,1.152542373,1.399840405,1.145833333,1.160493827,0.082324455,0.0999886,1,1,0,1.159090909,run_aa2,5
86,179,1.368715084,1.627821327,1.471910112,1.266666667,0.097765363,0.116272952,1,1,0,1.376404494,run_aa2,5
87,167,1.215568862,1.40189098,1.302631579,1.142857143,0.086826347,0.10013507,1,1,0,1.222891566,run_aa2,5
88,182,1.142857143,1.363059838,1.422222222,0.869565217,0.081632653,0.097361417,1,1,0,1.149171271,run_aa2,5
89,183,1.475409836,1.571797012,1.512195122,1.445544554,0.105386417,0.112271215,1,1,2,1.472527473,run_aa2,5
90,186,1.225806452,1.577744077,1.392857143,1.088235294,0.087557604,0.112696006,1,1,0,1.232432432,run_aa2,5
91,178,1.258426966,1.612298005,1.231707317,1.28125,0.08988764,0.115164143,1,1,0,1.265536723,run_aa2,5
92,165,1.266666667,1.600812802,1.24137931,1.294871795,0.09047619,0.114343772,1,1,0,1.274390244,run_aa2,5
93,176,1.295454545,1.439516513,1.131313131,1.506493506,0.092532468,0.102822608,1,1,0,1.302857143,run_aa2,5
94,174,1.41954023,1.455254707,1.452380952,1.388888889,0.101395731,0.103946765,1,1,0,1.427745665,run_aa2,5
95,174,1.413793103,1.565906442,1.5,1.317073171,0.100985222,0.11185046,1,1,1,1.416184971,run_aa2,5
96,184,1.211956522,1.430987461,1.287356322,1.144329897,0.086568323,0.10221339,1,1,0,1.218579235,run_aa2,5
97,181,1.408839779,1.757121789,1.24137931,1.563829787,0.100631413,0.125508699,1,1,2,1.405555556,run_aa2,5
98,196,1.341836735,1.381372299,1.275510204,1.408163265,0.095845481,0.09866945,1,1,0,1.348717949,run_aa2,5
99,175,1.097142857,1.570834341,1.082352941,1.111111111,0.078367347,0.112202453,1,1,0,1.103448276,run_aa2,5
100,169,1.047337278,1.285499027,1.054347826,1.038961039,0.074809806,0.091821359,1,1,3,1.035714286,run_aa2,5
101,141,1.007092199,1.386137768,0.985507246,1.027777778,0.071935157,0.099009841,1,1,4,0.985714286,run_aa2,5
102,129,1.11627907,1.209518932,1.0625,1.169230769,0.079734219,0.086394209,1,1,0,1.125,run_aa2,5
103,146,0.98630137,1.297139034,1.128571429,0.855263158,0.070450098,0.092652788,1,1,3,0.972413793,run_aa2,5
104,122,1.172131148,1.277216906,1.384615385,0.929824561,0.083723653,0.091229779,1,1,0,1.181818182,run_aa2,5
105,113,1.256637168,1.223130943,1.534482759,0.963636364,0.089759798,0.087366496,1,1,0,1.267857143,run_aa2,5
106,117,1.05982906,1.2750294,0.948275862,1.169491525,0.075702076,0.091073529,1,1,0,1.068965517,run_aa2,5
107,101,0.95049505,1.052390019,0.924528302,0.979166667,0.067892504,0.075170716,1,1,0,0.96,run_aa2,5
108,86,0.930232558,1.370192753,1.155555556,0.682926829,0.066445183,0.097870911,1,1,1,0.929411765,run_aa2,5
109,77,0.675324675,0.880214663,0.666666667,0.684210526,0.048237477,0.062872476,1,1,2,0.657894737,run_aa2,5
110,39,1.179487179,1.274688711,1.35,1,0.084249084,0.091049194,1,1,0,1.210526316,run_aa2,5
111,48,1.1875,1.378501345,1.076923077,1.318181818,0.084821429,0.098464382,1,1,2,1.170212766,run_aa2,5
112,55,0.763636364,1.104932315,0.8,0.733333333,0.054545455,0.078923737,1,1,0,0.777777778,run_aa2,5
113,48,1.333333333,1.226191706,1.346153846,1.318181818,0.095238095,0.087585122,1,1,4,1.276595745,run_aa2,5
114,48,1.604166667,1.747211558,1.68,1.52173913,0.114583333,0.124800826,1,1,1,1.617021277,run_aa2,5
115,50,1.16,1.360672103,1.074074074,1.260869565,0.082857143,0.097190864,1,1,0,1.183673469,run_aa2,5
116,45,1.111111111,1.352140092,1.571428571,0.708333333,0.079365079,0.096581435,1,1,0,1.136363636,run_aa2,5
117,43,2,1.812653934,1.375,2.37037037,0.142857143,0.129475281,1,1,1,2.023809524,run_aa2,5
118,46,0.913043478,1.379630981,0.6,1.153846154,0.065217391,0.09854507,1,1,NaN,0.913043478,run_aa2,5
119,44,1.068181818,1.453107773,1.142857143,1,0.076298701,0.103793412,1,1,0,1.093023256,run_aa2,5
120,45,1.111111111,1.33522593,1.24137931,0.875,0.079365079,0.095373281,1,1,0,1.136363636,run_aa2,5
121,45,1.444444444,1.545603083,1.578947368,1.346153846,0.103174603,0.11040022,1,1,0,1.477272727,run_aa2,5
122,49,1.346938776,1.234082325,1.32,1.375,0.096209913,0.088148737,1,1,1,1.354166667,run_aa2,5
123,40,1.625,1.659278496,1.736842105,1.523809524,0.116071429,0.118519893,1,1,2,1.615384615,run_aa2,5
124,53,1.245283019,1.41293013,1.346153846,1.148148148,0.088948787,0.100923581,1,1,2,1.230769231,run_aa2,5
125,45,1.244444444,1.625864184,1.181818182,1.304347826,0.088888889,0.116133156,1,1,1,1.25,run_aa2,5
126,50,1.44,1.514016149,1.333333333,1.517241379,0.102857143,0.108144011,1,1,0,1.469387755,run_aa2,5
127,46,1.304347826,1.280096615,1.166666667,1.454545455,0.093167702,0.091435472,1,1,3,1.266666667,run_aa2,5
128,47,1.255319149,1.687139142,1.095238095,1.384615385,0.089665653,0.120509939,1,1,2,1.239130435,run_aa2,5
129,40,1.475,1.724447143,1.238095238,1.736842105,0.105357143,0.123174796,1,1,0,1.512820513,run_aa2,5
130,46,1.152173913,1.365729619,1.392857143,0.777777778,0.082298137,0.097552116,1,1,4,1.088888889,run_aa2,5
131,47,0.978723404,1.293619151,1.2,0.727272727,0.069908815,0.092401368,1,1,0,1,run_aa2,5
132,45,1.377777778,1.319243738,1.47826087,1.272727273,0.098412698,0.094231696,1,1,2,1.363636364,run_aa2,5
133,46,1.130434783,1.275559932,1.391304348,0.869565217,0.080745342,0.091111424,1,1,3,1.088888889,run_aa2,5
134,38,1.315789474,1.578662848,0.647058824,1.857142857,0.093984962,0.112761632,1,1,2,1.297297297,run_aa2,5
135,47,1.276595745,1.424965715,1.346153846,1.19047619,0.09118541,0.101783265,1,1,2,1.260869565,run_aa2,5
136,43,1.186046512,1.219988563,1.4375,1.037037037,0.084717608,0.08714204,1,1,1,1.19047619,run_aa2,5
137,45,1.177777778,1.511905614,0.92,1.5,0.084126984,0.107993258,1,1,3,1.136363636,run_aa2,5
138,40,1.8,1.651727922,1.666666667,1.947368421,0.128571429,0.117980566,1,1,3,1.769230769,run_aa2,5
139,50,1.5,1.669045921,1.833333333,1.192307692,0.107142857,0.119217566,1,1,2,1.489795918,run_aa2,5
140,43,1.348837209,1.54123823,1.136363636,1.571428571,0.096345515,0.110088445,1,1,0,1.380952381,run_aa2,5
141,43,1.325581395,1.375308281,0.846153846,2.058823529,0.094684385,0.098236306,1,1,0,1.357142857,run_aa2,5
142,52,1.230769231,1.503138998,1.37037037,1.08,0.087912088,0.107367071,1,1,0,1.254901961,run_aa2,5
143,38,1.552631579,1.622433415,1.375,1.857142857,0.110902256,0.115888101,1,1,1,1.567567568,run_aa2,5
144,50,1.42,1.566094844,1.193548387,1.789473684,0.101428571,0.111863917,1,1,0,1.448979592,run_aa2,5
145,42,1.380952381,1.447493729,1.421052632,1.347826087,0.098639456,0.103392409,1,1,1,1.390243902,run_aa2,5
146,50,1.46,1.656280564,1.869565217,1.111111111,0.104285714,0.118305755,1,1,0,1.489795918,run_aa2,5
147,49,1.489795918,1.721463149,1.678571429,1.238095238,0.106413994,0.122961654,1,1,5,1.416666667,run_aa2,5
148,44,1.659090909,1.98767343,1.684210526,1.64,0.118506494,0.141976674,1,1,0,1.697674419,run_aa2,5
149,48,1.416666667,1.711454941,2,1,0.101190476,0.122246781,1,1,4,1.361702128,run_aa2,5
150,41,1.780487805,1.993893116,1.444444444,1.875,0.1271777,0.142420937,1,1,0,1.825,run_aa2,5
151,95,1.957894737,1.884515794,2.055555556,1.829268293,0.139849624,0.134608271,1,1,1,1.968085106,run_aa2,5
152,111,1.684684685,1.578157625,1.561403509,1.814814815,0.12033462,0.112725545,1,1,3,1.672727273,run_aa2,5
153,125,1.52,1.890553768,1.339285714,1.666666667,0.108571429,0.135039555,1,1,NaN,1.52,run_aa2,5
154,141,1.595744681,1.651746796,1.703125,1.506493506,0.113981763,0.117981914,1,1,7,1.557142857,run_aa2,5
155,138,1.586956522,1.874641614,1.536231884,1.637681159,0.113354037,0.133902972,1,1,1,1.591240876,run_aa2,5
156,155,1.458064516,1.61260743,1.301369863,1.597560976,0.104147465,0.115186245,1,1,0,1.467532468,run_aa2,5
157,162,1.487654321,1.410861392,1.646341463,1.325,0.106261023,0.100775814,1,1,0,1.49689441,run_aa2,5
158,171,1.538011696,1.617010539,1.61627907,1.458823529,0.109857978,0.115500753,1,1,1,1.541176471,run_aa2,5
159,177,1.327683616,1.455776796,1.494252874,1.166666667,0.094834544,0.103984057,1,1,0,1.335227273,run_aa2,5
160,182,1.307692308,1.521066126,1.321428571,1.295918367,0.093406593,0.10864758,1,1,0,1.314917127,run_aa2,5
161,173,1.427745665,1.502607851,1.55,1.322580645,0.101981833,0.107329132,1,1,2,1.424418605,run_aa2,5
162,186,1.543010753,1.627725845,1.493670886,1.579439252,0.110215054,0.116266132,1,1,1,1.545945946,run_aa2,5
163,170,1.141176471,1.464797509,1.265060241,1.022988506,0.081512605,0.104628394,1,1,2,1.136094675,run_aa2,5
164,193,1.227979275,1.414156315,1.214285714,1.242105263,0.087712805,0.101011165,1,1,0,1.234375,run_aa2,5
165,190,1.284210526,1.45597225,1.322222222,1.25,0.091729323,0.103998018,1,1,0,1.291005291,run_aa2,5
166,185,1.291891892,1.584980177,1.382716049,1.221153846,0.092277992,0.11321287,1,1,1,1.293478261,run_aa2,5
167,197,1.395939086,1.582939579,1.37755102,1.414141414,0.099709935,0.113067113,1,1,0,1.403061224,run_aa2,5
168,166,1.355421687,1.680602562,1.382716049,1.329411765,0.096815835,0.12004304,1,1,0,1.363636364,run_aa2,5
169,185,1.383783784,1.614727315,1.34375,1.426966292,0.098841699,0.115337665,1,1,4,1.369565217,run_aa2,5
170,179,1.418994413,1.498267574,1.487804878,1.360824742,0.101356744,0.107019112,1,1,3,1.41011236,run_aa2,5
171,187,1.481283422,1.594150079,1.529411765,1.423529412,0.105805959,0.113867863,1,1,2,1.478494624,run_aa2,5
172,197,1.492385787,1.5831359,1.448598131,1.544444444,0.106598985,0.113081136,1,1,0,1.5,run_aa2,5
173,190,1.410526316,1.593603197,1.604166667,1.212765957,0.10075188,0.1138288,1,1,0,1.417989418,run_aa2,5
174,175,1.125714286,1.42077016,1.1,1.16,0.080408163,0.101483583,1,1,2,1.120689655,run_aa2,5
175,181,1.287292818,1.575966676,1.27173913,1.303370787,0.091949487,0.112569048,1,1,0,1.294444444,run_aa2,5
176,162,1.413580247,1.632910984,1.5,1.340909091,0.100970018,0.116636499,1,1,2,1.409937888,run_aa2,5
177,182,1.401098901,1.504541523,1.436170213,1.363636364,0.100078493,0.107467252,1,1,0,1.408839779,run_aa2,5
178,177,1.18079096,1.42664317,1.337209302,1.032967033,0.084342211,0.101903084,1,1,0,1.1875,run_aa2,5
179,178,1.297752809,1.593097933,1.306818182,1.288888889,0.092696629,0.113792709,1,1,0,1.305084746,run_aa2,5
180,175,1.16,1.329419543,1.197916667,1.113924051,0.082857143,0.094958539,1,1,2,1.155172414,run_aa2,5
181,187,1.240641711,1.488614718,1.175824176,1.302083333,0.088617265,0.106329623,1,1,1,1.241935484,run_aa2,5
182,184,1.304347826,1.545231554,1.5125,1.144230769,0.093167702,0.110373682,1,1,0,1.31147541,run_aa2,5
183,182,1.32967033,1.559536303,1.303370787,1.35483871,0.094976452,0.11139545,1,1,0,1.337016575,run_aa2,5
184,179,1.357541899,1.467087075,1.456790123,1.275510204,0.096967279,0.104791934,1,1,3,1.348314607,run_aa2,5
185,189,1.455026455,1.579233124,1.518987342,1.409090909,0.103930461,0.112802366,1,1,0,1.462765957,run_aa2,5
186,187,1.502673797,1.634225118,1.5,1.504854369,0.107333843,0.116730366,1,1,0,1.510752688,run_aa2,5
187,181,1.160220994,1.457458959,1.175257732,1.142857143,0.082872928,0.104104211,1,1,0,1.166666667,run_aa2,5
188,181,1.248618785,1.5271836,1.222222222,1.27,0.089187056,0.109084543,1,1,0,1.255555556,run_aa2,5
189,178,1.359550562,1.617329815,1.511627907,1.217391304,0.097110754,0.115523558,1,1,1,1.361581921,run_aa2,5
190,177,1.237288136,1.438184419,1.158536585,1.305263158,0.088377724,0.102727458,1,1,0,1.244318182,run_aa2,5
191,177,1.225988701,1.424143387,1.168539326,1.284090909,0.087570621,0.101724528,1,1,6,1.198863636,run_aa2,5
192,177,1.322033898,1.603696135,1.441558442,1.23,0.094430993,0.114549724,1,1,0,1.329545455,run_aa2,5
193,169,1.284023669,1.402308607,1.329268293,1.24137931,0.091715976,0.1001649,1,1,1,1.285714286,run_aa2,5
194,179,1.223463687,1.497303667,1.083333333,1.385542169,0.087390263,0.106950262,1,1,1,1.224719101,run_aa2,5
195,184,1.27173913,1.620249329,1.252427184,1.296296296,0.090838509,0.115732095,1,1,4,1.256830601,run_aa2,5
196,198,1.550505051,1.610553629,1.429906542,1.692307692,0.110750361,0.115039545,1,1,0,1.558375635,run_aa2,5
197,199,1.447236181,1.58782613,1.363636364,1.550561798,0.103374013,0.113416152,1,1,4,1.434343434,run_aa2,5
198,197,1.289340102,1.274770116,1.283950617,1.293103448,0.092095722,0.091055008,1,1,1,1.290816327,run_aa2,5
199,180,1.105555556,1.355713019,1.139534884,1.074468085,0.078968254,0.096836644,1,1,0,1.111731844,run_aa2,5
200,179,1.335195531,1.564867565,1.413043478,1.252873563,0.095371109,0.111776255,1,1,0,1.342696629,run_aa2,5
201,161,1.279503106,1.484129291,1.26744186,1.293333333,0.091393079,0.106009235,1,1,0,1.2875,run_aa2,5
202,190,1.321052632,1.279500129,1.238636364,1.392156863,0.094360902,0.091392866,1,1,1,1.322751323,run_aa2,5
203,188,1.367021277,1.522865881,1.46875,1.260869565,0.097644377,0.108776134,1,1,0,1.374331551,run_aa2,5
204,178,1.337078652,1.514105581,1.272727273,1.4,0.095505618,0.108150399,1,1,NaN,1.337078652,run_aa2,5
205,173,1.300578035,1.455482702,1.255319149,1.35443038,0.092898431,0.10396305,1,1,1,1.302325581,run_aa2,5
206,184,1.282608696,1.3576425,1.433333333,1.138297872,0.091614907,0.096974464,1,1,0,1.289617486,run_aa2,5
207,178,1.303370787,1.441158467,1.340909091,1.266666667,0.093097913,0.10293989,1,1,2,1.299435028,run_aa2,5
208,185,1.118918919,1.469589901,1.074074074,1.153846154,0.07992278,0.104970707,1,1,0,1.125,run_aa2,5
209,173,1.514450867,1.546214193,1.415730337,1.619047619,0.108175062,0.110443871,1,1,0,1.523255814,run_aa2,5
210,180,1.427777778,1.585656925,1.428571429,1.426966292,0.101984127,0.113261209,1,1,0,1.43575419,run_aa2,5
211,182,1.351648352,1.681052199,1.380434783,1.322222222,0.096546311,0.120075157,1,1,4,1.337016575,run_aa2,5
212,174,1.545977011,1.596839697,1.583333333,1.511111111,0.110426929,0.114059978,1,1,1,1.549132948,run_aa2,5
213,188,1.218085106,1.458991137,1.113402062,1.32967033,0.087006079,0.104213653,1,1,2,1.213903743,run_aa2,5
214,187,1.390374332,1.754414821,1.234693878,1.561797753,0.099312452,0.125315344,1,1,0,1.397849462,run_aa2,5
215,175,1.245714286,1.327070678,1.235849057,1.260869565,0.088979592,0.094790763,1,1,2,1.24137931,run_aa2,5
216,172,1.430232558,1.780601762,1.231578947,1.675324675,0.102159468,0.12718584,1,1,0,1.438596491,run_aa2,5
217,179,1.525139665,1.632941909,1.602564103,1.465346535,0.108938547,0.116638708,1,1,0,1.533707865,run_aa2,5
218,179,1.530726257,1.500151688,1.6,1.460674157,0.10933759,0.107153692,1,1,0,1.539325843,run_aa2,5
219,191,1.230366492,1.490079253,1.265957447,1.195876289,0.087883321,0.106434232,1,1,1,1.231578947,run_aa2,5
220,181,1.392265193,1.604073238,1.356435644,1.4375,0.099447514,0.11457666,1,1,1,1.394444444,run_aa2,5
221,191,1.392670157,1.471751084,1.309278351,1.478723404,0.09947644,0.105125077,1,1,1,1.394736842,run_aa2,5
222,179,1.497206704,1.544742085,1.450549451,1.545454545,0.106943336,0.11033872,1,1,0,1.505617978,run_aa2,5
223,203,1.354679803,1.411520938,1.144144144,1.608695652,0.096762843,0.100822924,1,1,1,1.356435644,run_aa2,5
224,176,1.267045455,1.423173242,1.242105263,1.296296296,0.090503247,0.101655232,1,1,2,1.262857143,run_aa2,5
225,178,1.196629213,1.27584685,1.086021505,1.317647059,0.085473515,0.091131918,1,1,0,1.203389831,run_aa2,5
226,166,1.469879518,1.408522539,1.588235294,1.345679012,0.104991394,0.100608753,1,1,0,1.478787879,run_aa2,5
227,184,1.108695652,1.346572429,1.389473684,0.808988764,0.079192547,0.096183745,1,1,0,1.114754098,run_aa2,5
228,187,1.363636364,1.526244825,1.28125,1.450549451,0.097402597,0.109017487,1,1,0,1.370967742,run_aa2,5
229,164,1.365853659,1.705366449,1.291666667,1.423913043,0.097560976,0.121811889,1,1,2,1.36196319,run_aa2,5
230,174,1.316091954,1.561115176,1.340206186,1.285714286,0.094006568,0.111508227,1,1,0,1.323699422,run_aa2,5
231,181,1.215469613,1.387637251,1.146341463,1.272727273,0.086819258,0.099116946,1,1,0,1.222222222,run_aa2,5
232,182,1.412087912,1.580428305,1.495049505,1.308641975,0.100863422,0.112887736,1,1,2,1.408839779,run_aa2,5
233,177,1.175141243,1.3971778,1.258823529,1.097826087,0.08393866,0.099798414,1,1,NaN,1.175141243,run_aa2,5
234,185,1.394594595,1.618833777,1.421686747,1.37254902,0.0996139,0.115630984,1,1,1,1.39673913,run_aa2,5
235,173,1.283236994,1.45698276,1.229885057,1.337209302,0.091659785,0.104070197,1,1,0,1.290697674,run_aa2,5
236,186,1.215053763,1.37427691,1.284313725,1.130952381,0.086789555,0.098162636,1,1,1,1.216216216,run_aa2,5
237,170,1.311764706,1.456421144,1.5,1.119047619,0.093697479,0.104030082,1,1,0,1.319526627,run_aa2,5
238,180,1.261111111,1.454578166,1.231578947,1.294117647,0.090079365,0.10389844,1,1,2,1.25698324,run_aa2,5
239,173,1.265895954,1.438201368,1.189473684,1.358974359,0.09042114,0.102728669,1,1,1,1.26744186,run_aa2,5
240,176,1.443181818,1.6689292,1.23255814,1.644444444,0.103084416,0.119209229,1,1,0,1.451428571,run_aa2,5
241,177,1.305084746,1.460707767,1.380434783,1.223529412,0.093220339,0.104336269,1,1,0,1.3125,run_aa2,5
242,190,1.489473684,1.413238518,1.524752475,1.449438202,0.106390977,0.100945608,1,1,0,1.497354497,run_aa2,5
243,181,1.314917127,1.470165757,1.344086022,1.284090909,0.093922652,0.10501184,1,1,1,1.316666667,run_aa2,5
244,179,1.43575419,1.445666079,1.372340426,1.505882353,0.102553871,0.103261863,1,1,NaN,1.43575419,run_aa2,5
245,189,1.55026455,1.618990503,1.613861386,1.477272727,0.110733182,0.115642179,1,1,1,1.553191489,run_aa2,5
246,192,1.317708333,1.614106323,1.551020408,1.074468085,0.094122024,0.115293309,1,1,0,1.32460733,run_aa2,5
247,196,1.479591837,1.589901412,1.326315789,1.623762376,0.105685131,0.113564387,1,1,0,1.487179487,run_aa2,5
248,180,1.188888889,1.574194443,1.301204819,1.092783505,0.084920635,0.11244246,1,1,0,1.195530726,run_aa2,5
249,166,1.289156627,1.439950508,1.357142857,1.219512195,0.092082616,0.102853608,1,1,3,1.278787879,run_aa2,5
250,180,1.277777778,1.668155759,1.213483146,1.340659341,0.091269841,0.119153983,1,1,0,1.284916201,run_aa2,5
251,175,1.234285714,1.425132149,1.423529412,1.055555556,0.088163265,0.101795153,1,1,2,1.229885057,run_aa2,5
252,185,1.410810811,1.526537675,1.340909091,1.474226804,0.100772201,0.109038405,1,1,2,1.407608696,run_aa2,5
253,180,1.216666667,1.308651914,1.5,0.945652174,0.086904762,0.093475137,1,1,NaN,1.216666667,run_aa2,5
254,173,1.219653179,1.396950955,1.290697674,1.149425287,0.087118084,0.099782211,1,1,0,1.226744186,run_aa2,5
255,190,1.347368421,1.527652839,1.325842697,1.366336634,0.096240602,0.10911806,1,1,2,1.343915344,run_aa2,5
256,181,1.248618785,1.290590207,1.305882353,1.197916667,0.089187056,0.092185015,1,1,0,1.255555556,run_aa2,5
257,181,1.116022099,1.326154708,1.26744186,0.978947368,0.079715864,0.094725336,1,1,1,1.116666667,run_aa2,5
258,176,1.261363636,1.287250165,1.443037975,1.113402062,0.090097403,0.09194644,1,1,0,1.268571429,run_aa2,5
259,173,1.341040462,1.553088844,1.323529412,1.352380952,0.095788604,0.110934917,1,1,0,1.348837209,run_aa2,5
260,174,1.327586207,1.606215504,1.337349398,1.318681319,0.094827586,0.114729679,1,1,0,1.335260116,run_aa2,5
261,173,1.283236994,1.706896727,1.207317073,1.351648352,0.091659785,0.121921195,1,1,0,1.290697674,run_aa2,5
262,163,1.220858896,1.360938945,1.27027027,1.179775281,0.087204207,0.097209925,1,1,0,1.228395062,run_aa2,5
263,185,1.264864865,1.406548392,1.297619048,1.237623762,0.09034749,0.100467742,1,1,0,1.27173913,run_aa2,5
264,189,1.433862434,1.568342533,1.627659574,1.242105263,0.102418745,0.112024467,1,1,0,1.441489362,run_aa2,5
265,188,1.425531915,1.512792946,1.2,1.655913978,0.101823708,0.108056639,1,1,4,1.411764706,run_aa2,5
266,197,1.197969543,1.372617022,1.265306122,1.131313131,0.085569253,0.098044073,1,1,0,1.204081633,run_aa2,5
267,174,1.494252874,1.752775261,1.411111111,1.583333333,0.106732348,0.125198233,1,1,3,1.485549133,run_aa2,5
268,183,1.169398907,1.582439058,0.978947368,1.375,0.083528493,0.113031361,1,1,2,1.164835165,run_aa2,5
269,181,1.364640884,1.699564816,1.29787234,1.436781609,0.097474349,0.121397487,1,1,0,1.372222222,run_aa2,5
270,173,1.393063584,1.453287525,1.47311828,1.3,0.099504542,0.103806252,1,1,1,1.395348837,run_aa2,5
271,191,1.534031414,1.457338591,1.685393258,1.401960784,0.109573672,0.104095614,1,1,0,1.542105263,run_aa2,5
272,193,1.378238342,1.519643258,1.397590361,1.363636364,0.098445596,0.108545947,1,1,1,1.380208333,run_aa2,5
273,197,1.487309645,1.547246194,1.5,1.475728155,0.106236403,0.110517585,1,1,0,1.494897959,run_aa2,5
274,182,1.104395604,1.310848242,1.176470588,1.0125,0.0788854,0.093632017,1,1,0,1.110497238,run_aa2,5
275,176,1.380681818,1.525955098,1.763157895,1.09,0.09862013,0.108996793,1,1,0,1.388571429,run_aa2,5
276,166,1.343373494,1.582915819,1.37804878,1.30952381,0.09595525,0.113065416,1,1,0,1.351515152,run_aa2,5
277,175,1.285714286,1.413632896,1.314606742,1.255813953,0.091836735,0.100973778,1,1,1,1.287356322,run_aa2,5
278,184,1.152173913,1.409838828,1.191919192,1.105882353,0.082298137,0.100702773,1,1,0,1.158469945,run_aa2,5
279,172,1.325581395,1.636154817,1.148148148,1.483516484,0.094684385,0.116868201,1,1,2,1.321637427,run_aa2,5
280,178,1.421348315,1.666212723,1.323809524,1.561643836,0.10152488,0.119015195,1,1,7,1.389830508,run_aa2,5
281,185,1.362162162,1.519323246,1.31,1.423529412,0.097297297,0.108523089,1,1,0,1.369565217,run_aa2,5
282,199,1.155778894,1.385660427,1.145833333,1.165048544,0.082555635,0.098975745,1,1,2,1.151515152,run_aa2,5
283,174,1.25862069,1.560646948,1.434210526,1.12244898,0.089901478,0.111474782,1,1,9,1.213872832,run_aa2,5
284,175,1.182857143,1.410446598,1.202247191,1.162790698,0.084489796,0.100746186,1,1,0,1.189655172,run_aa2,5
285,173,1.433526012,1.533512364,1.557894737,1.282051282,0.102394715,0.109536597,1,1,1,1.436046512,run_aa2,5
286,177,1.192090395,1.347280355,1.077922078,1.28,0.085149314,0.096234311,1,1,NaN,1.192090395,run_aa2,5
287,171,1.269005848,1.421734092,1.065217391,1.506329114,0.090643275,0.101552435,1,1,2,1.264705882,run_aa2,5
288,175,1.2,1.286535042,1.255813953,1.146067416,0.085714286,0.09189536,1,1,0,1.206896552,run_aa2,5
289,178,1.028089888,1.354756322,1,1.055555556,0.073434992,0.096768309,1,1,0,1.033898305,run_aa2,5
290,181,1.491712707,1.565669131,1.426829268,1.545454545,0.106550908,0.111833509,1,1,2,1.488888889,run_aa2,5
291,183,1.338797814,1.545988314,1.612903226,1.055555556,0.095628415,0.110427737,1,1,0,1.346153846,run_aa2,5
292,183,1.218579235,1.373326815,1.285714286,1.141176471,0.087041374,0.098094773,1,1,2,1.214285714,run_aa2,5
293,182,1.428571429,1.535170422,1.443298969,1.411764706,0.102040816,0.10965503,1,1,0,1.436464088,run_aa2,5
294,170,1.211764706,1.381141948,1.35,1.088888889,0.086554622,0.098652996,1,1,1,1.213017751,run_aa2,5
295,176,1.272727273,1.416049012,1.352941176,1.197802198,0.090909091,0.101146358,1,1,2,1.268571429,run_aa2,5
296,196,1.37755102,1.529305565,1.299065421,1.471910112,0.098396501,0.109236112,1,1,0,1.384615385,run_aa2,5
297,191,1.356020942,1.496998006,1.278846154,1.448275862,0.096858639,0.106928429,1,1,0,1.363157895,run_aa2,5
298,192,1.395833333,1.665662874,1.264705882,1.544444444,0.099702381,0.11897592,1,1,0,1.403141361,run_aa2,5
299,182,1.263736264,1.47790478,1.272727273,1.253012048,0.090266876,0.105564627,1,1,1,1.26519337,run_aa2,5
300,180,1.272222222,1.531168012,1.202020202,1.358024691,0.090873016,0.109369144,1,1,2,1.268156425,run_aa2,5
301,165,1.012121212,1.184183772,1.106666667,0.933333333,0.072294372,0.084584555,1,1,0,1.018292683,run_aa2,5
302,179,1.268156425,1.372131311,1.306818182,1.230769231,0.090582602,0.098009379,1,1,0,1.275280899,run_aa2,5
303,168,1.517857143,1.69526715,1.450549451,1.597402597,0.108418367,0.121090511,1,1,0,1.526946108,run_aa2,5
304,181,1.337016575,1.613212786,1.246753247,1.403846154,0.095501184,0.115229485,1,1,2,1.333333333,run_aa2,5
305,189,1.259259259,1.516393216,1.2,1.319148936,0.08994709,0.108313801,1,1,3,1.25,run_aa2,5
306,182,1.241758242,1.603453864,1.195402299,1.284210526,0.088697017,0.114532419,1,1,0,1.248618785,run_aa2,5
307,170,1.141176471,1.293158522,1.226804124,1.02739726,0.081512605,0.092368466,1,1,3,1.130177515,run_aa2,5
308,184,1.211956522,1.551895889,1.176470588,1.242424242,0.086568323,0.110849706,1,1,0,1.218579235,run_aa2,5
309,178,1.280898876,1.394004629,1.255555556,1.306818182,0.091492777,0.099571759,1,1,4,1.265536723,run_aa2,5
310,184,1.298913043,1.702713653,1.37755102,1.209302326,0.092779503,0.121622404,1,1,3,1.289617486,run_aa2,5
311,182,1.06043956,1.570331219,0.850574713,1.252631579,0.075745683,0.112166516,1,1,0,1.066298343,run_aa2,5
312,183,1.180327869,1.336407313,1.032608696,1.32967033,0.084309133,0.095457665,1,1,NaN,1.180327869,run_aa2,5
313,177,1.209039548,1.396557327,1.142857143,1.279069767,0.086359968,0.099754095,1,1,1,1.210227273,run_aa2,5
314,176,1.232954545,1.425179415,1.208791209,1.258823529,0.088068182,0.10179853,1,1,0,1.24,run_aa2,5
315,176,1.289772727,1.516050491,1.13253012,1.430107527,0.092126623,0.108289321,1,1,1,1.291428571,run_aa2,5
316,177,1.350282486,1.477641098,1.305263158,1.402439024,0.096448749,0.105545793,1,1,0,1.357954545,run_aa2,5
317,179,1.363128492,1.549549859,1.49382716,1.255102041,0.097366321,0.110682133,1,1,0,1.370786517,run_aa2,5
318,191,1.434554974,1.571006947,1.545454545,1.315217391,0.102468212,0.112214782,1,1,0,1.442105263,run_aa2,5
319,178,1.387640449,1.484863,1.467532468,1.326732673,0.099117175,0.106061643,1,1,2,1.384180791,run_aa2,5
320,191,1.42408377,1.590513348,1.510204082,1.333333333,0.101720269,0.113608096,1,1,1,1.426315789,run_aa2,5
321,188,1.430851064,1.598965347,1.304347826,1.552083333,0.102203647,0.114211811,1,1,2,1.427807487,run_aa2,5
322,195,1.466666667,1.687634429,1.355140187,1.602272727,0.104761905,0.120545316,1,1,0,1.474226804,run_aa2,5
323,187,1.470588235,1.580438614,1.477777778,1.463917526,0.105042017,0.112888472,1,1,0,1.478494624,run_aa2,5
324,188,1.324468085,1.518526317,1.349514563,1.294117647,0.094604863,0.108466166,1,1,0,1.331550802,run_aa2,5
325,176,1.306818182,1.429149234,1.280898876,1.333333333,0.093344156,0.102082088,1,1,1,1.308571429,run_aa2,5
326,160,1.3875,1.62134931,1.345679012,1.430379747,0.099107143,0.115810665,1,1,1,1.389937107,run_aa2,5
327,187,1.219251337,1.5027049,1.329896907,1.1,0.087089381,0.107336064,1,1,1,1.220430108,run_aa2,5
328,176,1.170454545,1.379205493,1.150537634,1.192771084,0.083603896,0.098514678,1,1,3,1.16,run_aa2,5
329,174,1.195402299,1.465117174,1.261363636,1.127906977,0.085385878,0.104651227,1,1,0,1.202312139,run_aa2,5
330,169,1.360946746,1.416279181,1.367816092,1.353658537,0.097210482,0.101162799,1,1,0,1.369047619,run_aa2,5
331,191,1.42408377,1.693096221,1.520408163,1.322580645,0.101720269,0.120935444,1,1,0,1.431578947,run_aa2,5
332,179,1.094972067,1.33531437,1.270588235,0.936170213,0.078212291,0.095379598,1,1,1,1.095505618,run_aa2,5
333,172,1.319767442,1.512932149,1.5,1.170212766,0.094269103,0.108066582,1,1,0,1.32748538,run_aa2,5
334,177,1.463276836,1.688886298,1.47311828,1.452380952,0.104519774,0.120634736,1,1,0,1.471590909,run_aa2,5
335,180,1.344444444,1.551075396,1.5,1.22,0.096031746,0.1107911,1,1,0,1.351955307,run_aa2,5
336,189,1.354497354,1.58323779,1.320987654,1.37962963,0.096749811,0.113088414,1,1,1,1.356382979,run_aa2,5
337,176,1.198863636,1.511933054,1.179775281,1.218390805,0.085633117,0.107995218,1,1,2,1.194285714,run_aa2,5
338,171,1.315789474,1.508695128,1.226190476,1.402298851,0.093984962,0.107763938,1,1,0,1.323529412,run_aa2,5
339,183,1.196721311,1.368640203,1.322222222,1.075268817,0.085480094,0.097760014,1,1,1,1.197802198,run_aa2,5
340,179,1.223463687,1.428170537,1.197674419,1.247311828,0.087390263,0.102012181,1,1,NaN,1.223463687,run_aa2,5
341,185,1.416216216,1.586202999,1.467391304,1.365591398,0.101158301,0.113300214,1,1,0,1.423913043,run_aa2,5
342,186,1.35483871,1.434291699,1.405660377,1.2875,0.096774194,0.102449407,1,1,2,1.351351351,run_aa2,5
343,186,1.52688172,1.608029836,1.565656566,1.482758621,0.10906298,0.114859274,1,1,1,1.52972973,run_aa2,5
344,189,1.656084656,1.683217383,1.64516129,1.666666667,0.118291761,0.120229813,1,1,0,1.664893617,run_aa2,5
345,196,1.551020408,1.772279129,1.484210526,1.613861386,0.110787172,0.126591366,1,1,1,1.553846154,run_aa2,5
346,187,1.288770053,1.503412636,1.227722772,1.360465116,0.092055004,0.107386617,1,1,NaN,1.288770053,run_aa2,5
347,213,1.103286385,1.348877415,1.236363636,0.961165049,0.07880617,0.096348387,1,1,0,1.108490566,run_aa2,5
348,225,0.586666667,1.023299984,0.460176991,0.714285714,0.041904762,0.073092856,1,1,0,0.589285714,run_aa2,5
349,222,0,0,0,0,0,0,1,1,0,0,run_aa2,5
350,226,0,0,0,0,0,0,1,1,0,0,run_aa2,5
